6.89
6.89
6.89
6.89
6.66
6.89
6.89
6.89
6.89
6.89
6.89
6.89
6.89
6.89
6.89
6.66
6.89
6.89
6.89
6.89
6.89
6.89
6.89
6.89
6.89
7.12
6.89
6.89
6.89
6.89
6.89
6.89
6.89
4.17
6.89
6.89
6.89
6.89
6.89
6.89
6.89
6.89
6.66
6.89
6.89
6.89
6.89
6.66
6.89
7.12
6.89
6.89
7.12
6.89
6.66
7.12
7.12
6.21
6.66
6.66
6.89
6.89
6.89
6.89
6.89
6.89
6.89
6.89
6.89
6.89
6.89
6.66
7.12
5.75
6.89
6.89
6.89
6.89
6.89
6.89
6.89
6.89
6.89
6.66
6.89
6.89
6.89
6.66
6.89
8.74
6.89
6.44
6.89
6.66
6.89
6.89
6.89
6.89
6.66
6.89
6.89
6.89
6.66
6.89
6.66
6.89
6.89
6.89
6.89
6.89
6.89
6.89
6.89
7.12
6.89
6.89
7.12
6.89
6.89
6.89
6.89
6.66
6.66
6.89
6.89
6.89
4.62
6.44
6.66
7.12
6.89
6.89
6.89
6.89
7.12
6.66
6.89
6.89
6.89
6.89
6.66
6.66
7.12
6.89
6.66
7.12
6.89
6.66
6.89
6.89
6.66
6.89
6.89
6.89
6.89
6.89
6.89
6.44
6.44
6.89
6.66
8.05
6.89
6.89
6.66
6.89
6.89
6.89
6.89
6.89
6.89
6.89
6.89
6.66

6.66
6.89
6.89
6.89
6.89
6.89
6.89
6.89
6.89
6.89
6.89
6.89
7.35
6.89
7.12
6.89
6.89
6.89
6.89
6.89
6.89
6.89
7.35
6.89
6.89
6.89
6.89
6.89
7.12
7.12
7.12
6.89
6.89
7.12
6.89
6.21
6.89
6.66
6.89
6.89
6.89
6.89
6.89
6.89
6.89
6.89
6.89
6.89
6.89
6.89
6.89
6.89
6.89
6.89
6.44
6.89
6.89
7.35
6.89
6.89
6.66
6.89
6.44
6.89
6.89
6.89
7.12
6.89
6.89
6.89
6.66
6.89
6.89
6.89
6.89
6.89
7.12
6.89
6.89
6.89
6.89
6.89
6.89
6.89
6.89
6.89
6.89
6.89
6.89
6.89
6.89
6.89
6.44
6.89
6.89
6.89
6.89
6.89
6.89
6.89
6.66
6.89
6.89
6.66
6.89
7.12
6.89
6.89
6.89
6.89
6.89
6.89
6.89
6.89
6.89
6.89
6.89
6.89
6.89
7.12
6.89
6.89
6.89
6.89
6.89
6.89
6.66
6.89
6.89
6.66
6.89
6.89
6.66
6.89
6.66
6.89
6.89
6.89
6.89
6.89
6.89
6.89
7.12
6.89
6.89
6.66
6.89
6.66
6.89
6.89
7.12
6.89
6.89
6.89
6.89
6.44
6.66
6.89
6.66
6.89
6.89
6.89
6.89
7.35
6.44
6.89
6.89
6.89
6.89
6.89
6.89
6.89
6.89
6.89
6.66
6.89
6.89
6.66
6.89
7.12
6.89
6.89
6.66
6.89
