6.89
6.89
6.89
6.89
6.89
6.89
7.12
6.89
6.89
6.89
6.89
6.89
7.12
6.89
6.44
6.89
6.89
7.35
6.89
7.58
6.89
6.89
7.12
6.89
6.89
6.89
6.89
6.89
6.89
6.89
6.89
6.89
6.89
7.12
6.89
6.89
6.89
6.89
6.89
6.89
7.12
6.66
7.12
6.89
6.66
6.89
8.05
6.89
6.89
6.89
6.89
6.89
6.89
6.89
6.89
6.89
6.89
6.89
7.12
6.89
6.89
6.89
7.35
7.12
6.89
6.89
6.89
7.12
6.89
6.89
7.12
6.89
7.12
6.66
6.89
6.89
6.66
6.89
7.12
6.89
7.81
6.89
6.89
7.12
7.12
7.12
7.12
7.12
6.89
6.89
6.89
6.66
6.89
7.12
7.12
6.89
7.12
6.89
6.89
7.12
7.12
6.66
7.12
6.89
7.12
6.89
7.12
7.35
7.12
6.89
7.12
7.12
6.89
6.89
6.89
7.12
7.12
7.12
7.12
6.89
7.12
7.12
7.12
6.89
7.12
7.12
7.12
6.89
7.12
8.05
7.12
7.12
7.12
7.12
7.12
7.12
6.89
7.12
7.12
7.12
6.89
7.12
7.12
7.12
7.12
7.12
6.89
6.89
7.12
7.12
7.12
6.89
6.89
7.35
7.12
6.89
7.12
6.89
7.35
6.89
7.12
7.12
7.12
7.12
7.12
7.12
7.12
7.12
7.12
7.12
7.12
7.12
7.12
7.12
7.12
6.89
7.35
6.89
7.12
7.12
7.12
6.89
6.89
7.12
6.89
6.66
7.12
7.58
7.12
7.12
6.89
6.89
7.58
7.12
7.12
7.12
7.12
7.12
7.12
7.12
7.12
6.89
7.12
6.66
7.12
7.12
6.89
6.89
7.58
6.89
7.12
7.12
7.12
7.12
7.12
8.05
7.35
7.12
7.12
7.35
7.12
7.35
7.12
6.89
7.12
7.12
7.12
7.12
7.12
6.89
7.12
7.12
6.89
6.89
7.12
7.35
7.12
7.12
6.89
7.12
7.12
6.89
6.89
7.12
7.12
6.89
7.35
7.12
7.12
6.89
7.12
6.66
7.12
7.12
7.12
6.89
7.12
7.12
7.12
7.12
7.35
7.12
6.89
7.12
7.12
7.12
6.89
6.89
7.12
7.12
7.12
7.12
7.12
7.12
7.12
7.12
7.12
7.12
7.35
6.89
7.35
7.12
7.12
7.35
7.12
7.12
6.89
7.12
6.89
7.12
7.12
6.89
7.12
7.12
6.89
7.12
7.12
6.89
7.12
7.35
7.12
7.12
7.12
7.12
6.66
7.12
6.89
7.12
7.12
7.12
7.12
7.12
7.58
7.12
7.12
7.12
7.12
7.12
7.12
7.12
7.12
7.12
7.12
7.12
7.12
6.89
6.66
7.35
7.12
7.12
7.12
7.35
7.12
7.35
7.12
7.12
5.53
7.12
7.12
7.12
7.12
7.12
7.12
7.12
7.12
7.12
7.12
7.12

7.12
7.12
7.35
7.35
7.35
7.35
7.35
7.35
7.58
7.35
4.40
7.35
7.35
7.35
7.35
7.12
7.35
7.12
7.35
7.35
7.12
7.12
7.35
7.12
7.81
7.12
7.58
7.58
7.35
7.12
7.12
7.58
7.12
7.12
7.58
7.35
7.35
7.35
7.81
7.12
7.12
7.35
7.12
7.12
7.12
7.12
7.12
7.35
7.12
7.12
7.12
7.35
7.12
7.35
7.35
6.89
7.35
7.35
7.12
7.35
7.35
7.12
7.12
7.35
7.35
7.12
7.12
7.35
7.12
7.35
7.35
6.66
7.35
7.35
7.35
7.12
7.35
7.12
7.35
7.35
7.12
7.12
7.35
7.35
7.35
7.35
7.35
7.35
7.35
7.35
7.35
6.89
7.35
7.12
7.35
7.35
7.12
7.58
7.35
7.35
7.12
7.35
7.35
6.89
7.35
7.12
7.12
7.12
7.35
7.12
7.35
7.58
7.35
7.35
7.35
7.12
7.12
7.35
7.35
7.12
7.35
7.35
7.35
7.12
7.35
7.35
7.12
6.89
7.12
7.12
7.35
7.12
7.12
7.12
7.12
6.89
7.12
7.35
7.35
7.12
7.35
7.12
7.12
7.35
6.89
7.12
7.35
7.35
7.35
6.89
7.12
3.06
7.12
7.35
7.35
7.12
7.35
7.12
7.12
7.12
7.12
7.12
7.12
7.12
7.12
7.12
7.12
6.89
7.12
7.12
7.12
6.89
7.35
7.35
7.12
7.58
7.12
7.12
7.12
7.12
7.12
7.12
7.12
5.75
7.12
7.12
7.12
7.12
7.12
7.12
7.12
7.12
6.66
7.12
7.12
7.12
7.12
7.12
7.12
7.12
7.12
7.12
6.89
7.12
4.62
7.12
7.12
6.89
7.12
7.12
6.89
7.12
7.12
7.12
6.89
8.28
7.12
7.12
6.89
6.89
6.89
7.12
6.89
6.89
7.12
6.89
6.89
8.05
7.12
6.44
6.89
7.12
6.89
7.12
6.89
6.89
6.89
6.89
6.89
6.89
7.12
6.89
6.66
6.89
6.89
6.89
6.89
6.89
6.89
6.89
6.89
6.89
6.44
6.89
6.89
7.12
6.89
6.89
6.89
6.89
6.89
6.89
6.89
6.89
6.66
6.66
6.89
6.89
7.12
6.89
6.89
6.89
6.89
6.89
6.44
6.66
6.89
5.98
6.66
6.66
6.66
6.89
6.66
6.66
6.44
6.89
6.66
6.66
6.89
6.66
7.12
6.66
6.89
6.66
6.89
6.89
6.66
6.66
6.66
6.66
6.66
6.66
6.66
6.89
6.66
6.66
6.66
6.89
6.89
6.89
6.66
6.66
6.66
6.44
6.66
6.66
7.12
6.66
6.66
6.66
6.89
6.89
6.66
6.66
6.66
6.44
6.89
6.44
6.66
5.98
6.66
6.66
6.66
6.66
6.66
6.66
6.66
6.66
6.66
6.66
6.66
6.66
6.66
6.21
6.66
6.66
6.66
6.66
6.89
6.66
6.66
6.44
6.66
6.66
6.66
6.89
6.66
6.66
