5.98
5.98
5.98
5.98
5.98
5.98
5.75
5.98
5.98
5.98
5.98
5.98
5.98
5.98
6.21
5.98
5.98
5.53
5.98
5.98
5.98
5.98
5.98
5.98
5.98
5.98
5.98
5.98
5.98
6.21
5.98
5.53
5.98
5.98
5.75
5.98
5.98
5.30
5.98
6.44
5.98
6.21
5.98
5.98
5.75
5.98
5.98
5.53
5.98
5.98
6.21
5.98
6.44
5.98
5.98
5.98
5.98
5.75
5.98
5.98
5.75
5.98
6.21
5.98
5.98
5.98
5.75
5.98
6.21
5.98
6.66
5.98
5.98
5.98
6.21
5.98
6.21
5.98
5.98
5.75
5.98
5.98
5.98
5.98
5.98
5.98
5.75
5.98
5.98
5.98
5.98
5.98
10.15
5.98
5.98
5.75
5.98
5.98
5.75
5.98
5.98
5.98
5.75
6.21
5.98
5.98
6.21
5.98
5.98
5.98
6.21
5.98
5.75
5.98
5.98
5.98
5.98
5.98
5.98
5.98
5.98
5.98
5.98
6.21
5.98
5.98
6.21
5.75
5.98
5.98
5.75
5.98
5.75
5.98
5.98
5.98
5.98
5.98
5.98
5.98
5.98
5.98
5.75
6.44
5.75
6.21
6.44
5.98
5.98
5.98
5.98
5.98
5.98
5.75
5.98
5.98
5.98
5.98
6.21
5.98
5.98
5.98
5.98
5.98
6.21
5.98
5.98
6.44
5.98
6.44
5.98
5.98
5.98
5.98
5.98
6.21
5.98
5.98
5.98
5.98
6.44
6.21
5.98
5.98
5.98
6.44
6.44
5.98
6.21
5.98
5.98
5.98
6.21
5.75
5.98
6.21
4.85
6.21
5.98
6.21
6.66
5.98
6.21
6.21
5.75
5.98
6.21
6.21
6.21
6.44
5.98
6.21
6.89
6.44
6.21
6.21
6.21
5.98
6.21
6.21
6.21
5.98
6.21
6.21
6.21
5.98
6.44
6.21
6.66
6.44
6.21
6.21
6.21
7.35
6.21
6.44
6.21
6.21
6.44
6.44
6.44
6.44
6.44
6.21
6.44
6.44
6.44
6.44
6.44
5.75
6.66
6.44
6.66
6.21
6.44
6.44
6.44
6.21
6.44
6.44
6.66
6.44
6.66
6.66
6.44
6.44
6.44
6.66
6.66
6.66
6.66
6.66
6.66
6.66
6.66
6.66
6.66
6.66
6.44
6.66
6.66
6.66
6.44
6.66
6.89
6.66
6.66
6.66
6.89
6.89
6.89
6.89
6.66
6.89
6.21
6.89
6.89
6.89
6.89
7.12
6.89
6.89
3.95
6.89
6.89
7.35
6.89
7.12
7.12
7.12
7.81
7.12
7.12
7.12
6.89
7.12
7.12
7.12
6.66
7.12
7.12
7.12
7.35
7.35
7.58
7.35
7.81
7.35
7.35
7.35
7.35
7.35
7.35
7.35
7.58
7.58
7.58
7.58
7.12
7.58
7.58
7.58
7.58
7.58
7.58
7.12
7.81
7.81
7.35
7.58
7.58
8.05
7.81
7.81
7.81
7.81
8.05
8.05
8.28
7.81
8.05
8.05
7.35
8.05
8.05
8.05
8.05
8.05
8.05
8.05
8.05
8.28
8.51
8.28
8.05
8.28
8.28
8.28
8.28
8.51
8.28
8.28
8.51
8.28
8.28
8.51
8.51
8.28
8.51
8.51
8.28
8.51
8.51
8.51
8.51
8.74
8.51
8.51
8.74
8.74
8.74
8.98
8.74
8.74
8.74
8.74
8.98
8.74
8.98
8.98
8.98
8.98
8.98
9.21
8.98
8.98
8.98
8.98
8.98
8.98
8.98
9.21
8.98
9.21
9.21
9.21
9.21
9.21
9.21
9.21
9.21
9.21
9.44
9.44
9.21
9.21
9.21
9.68
9.21
9.44
9.68
9.21
9.44
10.39
9.68
9.44
9.68
9.68
9.21
9.68
9.44
10.39
9.44
9.68
9.68
9.44
9.68
9.91
9.44
9.91
9.68
10.15
9.91
9.68
9.91
9.21
10.15
10.15
9.91
9.91
9.91
8.98
9.91
9.91
10.15
10.15
10.15
10.15
10.15
10.15
10.39
9.91
10.15
10.15
10.15
10.39
10.39
10.15
10.39
10.39
10.39
10.39
10.62
10.39
10.39
10.15
10.39
10.39
10.39
10.62
10.62
10.62
10.62
10.39
10.62
10.62
10.62
10.39
10.62
10.62
10.62
10.62
10.62
10.86
10.62
10.62
11.10
10.86
10.39
10.86
10.86
10.86
11.10
10.86
6.66
11.10
10.86
11.10
10.86
10.86
11.10
10.62
11.10
11.10
11.10
11.10
11.10
11.10
11.10
11.10
11.10
11.10
11.57
11.10
11.10
11.10
10.86
10.15
11.34
11.34
11.10
11.34
11.34
11.34
11.57
11.57
11.34
11.34
11.34
11.34
11.34
11.34
11.34
11.57
11.34
11.57
11.57
11.57
11.57
11.57
11.57
11.57
11.57
11.57
11.57
11.57
11.57
11.57
11.57
11.57
11.57
11.57
11.57
11.57
11.81
11.81
11.81
11.81
11.81
11.81
11.57
11.81
11.81
11.81
11.81
11.81
12.05
11.81
12.05
12.05
11.81
11.81
12.05
12.05
12.05
11.81
12.05
12.05
12.05
12.05
12.05
12.05
11.57
12.05
11.57
12.29
12.05
12.05
12.05
12.05
12.05
12.29
12.29
12.29
12.05
12.29
12.29
12.29
12.05
12.29
12.29
12.53
12.29
12.29
12.77
12.29
12.29
12.29
12.53
12.29
12.29
12.29
12.53
12.29
12.53
12.53
12.53
12.29
12.53
12.77
12.53
12.53
12.29
12.53
12.77
12.29
12.53
12.53
12.53
12.53
12.53
12.53
12.53
12.53
12.53
12.77
12.53
12.77
13.02
12.77
12.77
12.77
12.77
12.77
11.57
12.77
12.77
12.77
12.05
12.77
12.53
13.02
12.77
12.77
12.77
12.53
12.77
12.77
12.77
13.50
12.77
13.02
13.02
12.77
12.05
13.02
13.02
13.02
13.02
13.02
13.50
12.77
12.53
13.02
13.02
13.02
13.02
13.02
13.02
13.02
13.02
13.26
13.02
13.02
13.02
13.02
13.02
13.02
13.02
13.26
13.26
13.50
12.77
13.02
12.77
13.02
13.02
13.26
13.02
13.02
13.26
13.26
13.02
13.02
13.26
13.02
13.26
13.26
13.26
13.26
13.26
13.26
13.26
13.26
13.02
13.26
12.77
13.26
13.26
13.26
13.26
12.29
13.26
13.26
13.26
13.74
13.26
13.50
13.50
13.26
13.02
13.26
12.77
13.26
13.50
13.26
13.50
13.02
13.26
13.50
13.26
13.50
13.02
13.50
13.50
13.50
13.26
13.50
13.50
13.50
13.50
13.50
13.26
13.50
13.02
13.50
13.50
13.26
13.50
13.26
13.50
13.50
13.50
13.26
13.50
13.50
13.99
13.50
13.50
13.50
13.26
13.50
13.50
13.50
13.50
13.50
13.50
13.50
13.50
13.50
13.50
13.02
13.99
13.50
13.50
13.50
13.50
13.50
13.50
13.50
13.50
13.50
13.50
13.50
13.74
13.50
13.50
13.74
13.50
13.74
13.50
13.50
12.77
13.26
13.50
13.74
13.99
13.50
13.50
13.50
13.50
13.74
13.50
14.48
13.50
13.74
13.50
13.50
13.50
13.50
13.02
13.74
13.50
13.02
13.74
13.50
13.26
13.74
13.50
13.50
13.50
13.50
13.74
13.50
13.50
13.74
13.50
13.50
13.50
13.50
13.50
13.26
13.50
13.74
13.74
13.50
13.74
13.50
13.50
13.74
13.50
13.50
13.50
13.74
13.74
13.50
13.50
13.74
13.50
13.50
13.26
13.50
13.74
13.74
13.50
13.50
13.50
13.50
13.50
13.50
13.50
13.50
13.74
13.26
13.50
13.74
13.50
13.50
13.50
13.99
13.74
13.74
13.74
13.50
13.50
13.74
13.50
13.99
13.74
13.50
13.50
13.74
13.50
13.74
13.50
13.50
13.74
13.74
13.50
13.50
13.50
13.02
13.50
13.50
13.50
13.50
13.50
13.50
13.50
13.50
13.50
13.50
13.50
13.50
13.50
13.74
13.50
13.50
13.50
13.50
13.50
13.74
13.50
13.02
13.26
13.50
13.74
13.26
13.74
13.50
13.26
13.50
13.50
13.50
13.02
13.50
13.50
13.50
13.50
13.50
13.50
13.74
13.99
13.50
13.50
13.74
13.50
13.50
13.50
13.26
13.74
13.50
13.74
13.50
13.02
13.50
13.50
13.50
13.74
13.50
13.50
13.50
13.50
13.50
13.50
13.74
13.74
13.50
13.99
13.50
13.50
13.50
13.26
13.50
13.50
13.50
13.50
13.50
13.74
13.26
13.50
13.50
13.50
13.50
13.50
13.50
13.74
13.50
13.50
13.50
13.50
13.50
13.74
13.26
13.50
12.77
13.50
13.50
13.50
13.50
13.50
13.50
13.50
13.50
13.74
13.74
13.50
13.50
13.50
13.50
13.50
13.50
13.50
13.50
13.50
13.50
13.50
13.50
13.50
13.74
13.50
13.50
13.99
13.50
13.50
13.50
13.50
13.50
13.74
13.50
13.99
13.50
13.50
13.74
13.50
13.50
13.50
13.74
13.50
13.50
13.99
13.74
13.50
13.50
13.50
13.50
13.50
13.99
13.50
13.50
13.50
13.26
13.50
13.50
13.50
13.74

13.74
13.74
13.74
13.74
13.74
13.74
13.74
13.74
13.74
13.74
13.50
13.99
13.74
13.74
13.99
14.23
13.74
13.74
13.74
13.74
13.74
13.74
13.99
13.74
13.74
13.50
13.74
13.74
13.74
13.74
13.74
13.74
13.74
13.74
13.74
13.74
13.74
13.74
13.74
13.74
13.99
13.99
13.99
13.26
13.99
13.99
13.74
13.74
13.74
13.74
13.99
13.74
13.74
13.74
13.74
13.99
13.74
13.74
13.26
13.74
13.74
13.99
13.74
13.74
13.74
13.50
13.99
13.99
13.74
14.48
13.74
13.74
13.99
13.74
13.74
13.99
13.99
13.99
13.99
13.74
14.23
13.74
13.99
13.99
13.99
13.74
14.23
13.02
13.99
13.99
13.74
14.48
13.99
13.99
13.99
13.74
13.99
13.99
13.99
13.99
13.74
13.74
10.39
13.74
13.99
13.99
13.99
14.23
13.99
13.99
13.02
13.99
13.99
14.23
13.99
13.99
14.23
13.99
13.99
13.99
13.74
13.99
13.99
13.99
13.02
13.74
13.99
13.99
13.99
13.99
13.99
13.99
14.48
13.99
13.99
14.23
13.99
13.99
13.99
13.99
14.23
13.99
13.74
14.23
13.74
13.99
13.74
14.23
13.99
14.23
13.99
13.99
13.99
14.48
14.48
14.23
14.23
14.23
14.23
14.23
14.23
13.99
14.23
14.23
13.99
14.23
14.23
14.23
14.23
13.99
13.99
14.23
14.23
13.99
14.23
14.23
14.23
14.23
14.23
14.48
14.23
14.23
14.23
14.23
14.23
14.23
14.23
14.48
14.23
14.23
14.23
14.23
14.23
14.23
14.48
14.23
13.99
13.74
14.48
14.23
13.99
14.23
14.23
14.48
14.23
14.23
14.48
14.48
14.48
14.48
14.23
14.23
14.48
14.23
14.48
14.48
14.23
14.23
14.23
14.23
14.48
14.48
14.23
14.72
14.23
14.23
14.48
14.23
14.48
14.48
14.23
14.23
14.48
14.23
14.23
14.23
14.23
14.23
14.23
14.23
14.48
14.23
14.48
14.23
14.23
14.23
14.23
14.23
14.23
14.23
14.48
14.23
13.99
14.23
14.23
14.23
14.97
14.23
14.23
14.23
14.23
14.48
14.23
14.48
14.48
14.23
14.23
14.23
14.23
14.23
14.48
14.23
14.23
14.48
14.23
14.23
14.23
13.99
14.23
14.23
14.23
14.72
14.23
14.23
14.23
13.99
14.23
14.23
14.23
14.23
14.23
14.23
14.23
14.23
14.23
14.23
14.23
14.23
13.99
14.23
13.99
14.23
13.99
13.99
14.23
14.23
13.74
14.23
14.48
13.99
13.99
14.23
13.99
13.99
13.99
13.99
13.50
13.99
13.99
13.99
14.23
13.99
13.74
13.99
13.99
14.23
13.99
13.99
13.99
14.48
14.23
13.99
13.99
13.99
13.99
13.99
14.23
13.99
13.99
13.99
13.99
13.74
13.99
13.99
11.81
13.99
13.99
13.99
13.74
13.99
13.99
13.74
14.23
13.99
13.74
13.26
13.74
13.74
13.99
13.74
13.74
13.74
13.74
13.74
13.74
13.74
13.74
13.74
13.74
13.99
13.74
13.74
13.74
13.50
13.99
13.74
13.74
13.74
13.74
13.50
13.74
13.74
13.50
13.74
13.99
13.74
13.74
13.50
13.99
13.50
13.50
13.50
13.50
13.50
13.26
13.02
13.74
13.26
13.50
13.99
13.50
13.50
13.50
13.26
13.26
13.50
13.26
13.50
13.50
13.50
13.99
13.50
13.50
13.26
13.26
13.26
13.26
12.77
13.26
13.26
13.26
11.81
13.26
13.26
13.26
13.02
13.02
13.26
13.26
12.77
13.26
13.02
13.74
13.26
13.02
13.02
13.02
13.02
13.26
13.02
13.50
13.02
13.02
13.02
13.26
13.02
13.02
13.02
13.02
13.02
13.02
12.77
13.02
12.77
13.02
13.02
12.77
12.77
13.26
12.77
12.77
12.77
12.77
12.77
12.77
13.02
12.77
12.53
12.77
12.77
12.77
12.77
12.77
12.77
12.77
12.77
12.53
12.53
12.53
12.77
12.53
12.53
12.29
11.81
12.77
12.53
12.29
16.20
12.53
12.53
12.53
12.29
12.53
12.53
12.77
12.53
12.53
12.29
12.53
12.29
12.29
12.29
12.53
12.29
12.29
13.02
12.29
12.05
12.29
12.29
12.29
12.05
12.29
12.29
12.29
12.29
11.57
12.29
12.29
11.81
11.81
12.29
12.05
12.29
12.05
12.05
12.05
12.05
11.81
12.05
12.05
12.05
12.05
12.05
12.05
11.81
11.57
11.81
12.77
11.81
11.81
11.81
11.57
11.81
11.57
11.81
11.81
11.57
11.81
11.81
12.29
11.57
11.57
11.81
11.57
11.57
11.57
11.57
11.57
11.57
11.34
11.57
11.57
11.34
11.10
11.10
11.34
11.34
10.86
11.81
11.34
11.57
11.57
11.34
11.10
11.34
11.10
11.34
11.34
11.10
11.34
11.10
11.10
11.34
11.10
11.10
11.10
10.86
10.62
11.10
10.86
10.86
10.86
11.57
10.86
10.86
10.86
11.34
10.86
10.86
10.86
10.62
10.86
10.86
10.62
10.86
10.86
10.86
11.10
9.44
10.15
11.34
10.62
10.62
11.10
5.75
10.39
10.62
10.86
10.62
10.39
10.39
10.39
10.39
10.39
10.39
10.15
10.15
10.39
10.86
9.91
10.15
10.15
10.39
10.15
10.15
9.91
10.15
10.39
10.15
10.15
10.15
9.91
9.91
10.15
10.15
9.91
9.91
9.91
10.39
9.91
9.91
9.68
9.68
9.91
9.68
9.68
10.39
9.91
9.68
9.91
9.68
9.68
9.68
9.68
10.15
9.91
9.68
9.68
9.68
9.44
9.68
9.44
9.68
9.44
9.44
9.44
9.44
9.21
9.44
9.44
9.44
9.21
9.21
8.98
9.21
9.21
9.21
9.21
9.21
8.98
8.98
12.05
8.98
8.98
8.98
8.98
8.98
8.98
8.98
8.51
8.98
8.98
8.98
8.74
8.98
8.98
8.74
8.98
8.74
8.74
8.28
8.98
8.74
8.51
8.74
8.51
8.74
8.51
9.21
8.51
8.74
8.98
8.28
8.74
8.51
8.28
8.51
8.28
8.51
8.05
8.51
8.51
8.28
8.28
8.28
8.28
7.81
8.28
8.28
8.28
8.98
8.05
8.28
8.05
8.05
8.28
7.58
7.81
7.81
8.05
8.05
8.05
7.81
7.81
8.05
8.28
8.05
7.81
7.81
7.81
7.58
7.81
7.81
7.35
7.81
7.58
7.12
7.58
7.81
7.58
7.58
7.58
7.58
7.58
7.81
7.58
7.58
7.35
7.58
7.58
7.35
7.35
7.35
7.35
7.58
7.58
7.35
7.35
7.12
7.35
7.12
7.35
7.35
7.12
7.35
7.12
7.12
7.12
7.35
7.35
7.35
7.35
7.12
7.35
7.12
7.12
7.35
7.12
6.89
6.89
7.12
7.12
6.66
6.89
7.12
6.89
6.89
7.12
6.89
7.12
7.12
6.89
6.89
6.89
7.35
6.66
6.89
6.89
6.89
6.89
6.89
6.89
6.89
6.21
6.66
6.89
6.66
6.66
6.66
6.89
7.12
6.66
6.66
6.89
6.66
6.66
6.44
6.66
6.44
6.66
6.89
6.66
6.89
6.66
6.66
6.44
6.66
6.44
6.66
6.66
6.66
6.44
7.12
6.44
6.44
6.66
6.44
6.89
6.66
5.98
6.21
6.44
6.89
6.44
6.44
6.44
6.44
6.44
6.66
6.66
6.66
6.44
6.44
6.44
6.44
5.75
6.21
6.44
6.44
6.66
6.44
6.44
6.44
6.21
6.44
6.44
6.44
6.44
6.44
6.44
6.44
6.21
6.44
6.21
6.44
6.44
6.44
6.21
6.21
6.21
6.21
6.21
6.44
6.44
6.21
6.21
6.44
6.21
6.21
6.44
6.21
6.21
6.44
6.21
6.21
6.21
6.21
6.21
6.21
6.21
5.53
6.21
6.21
6.44
6.21
6.21
6.21
6.21
5.30
6.21
6.21
6.21
6.21
6.21
6.21
6.21
6.21
6.21
6.21
6.21
6.21
6.44
6.21
6.21
6.21
6.21
6.21
6.21
6.21
6.21
6.21
6.21
6.21
5.98
6.21
5.98
6.21
5.75
6.21
6.21
6.44
6.21
5.98
6.21
5.98
6.21
6.21
6.21
5.75
5.98
6.21
5.98
5.98
7.35
5.75
6.21
5.98
6.21
5.98
6.21
5.98
6.21
6.21
6.21
5.53
6.21
5.98
6.21
5.98
6.44
6.44
5.98
6.21
6.21
5.98
5.98
5.98
6.66
5.98
6.21
6.21
5.98
6.21
6.21
5.98
6.21
6.89
6.21
5.75
5.98
6.21
6.44
6.21
5.30
6.44
5.98
6.21
6.21
6.21
5.98
5.98
6.21
5.98
6.21
5.07
6.21
5.98
5.98
5.98
6.44
5.98
6.21
5.98
5.98
6.21
6.21
5.98
6.21
6.21
5.98
4.85
5.98
5.98
5.98
6.21
6.21
5.98
5.98
5.98
6.21
6.21
5.75
5.98
6.44
6.21
5.98
6.21
6.21
5.98
6.21
6.21
5.98
6.21
6.21
5.98
5.98
6.21
6.21
5.98
5.98
5.98
5.98
6.21
6.21
6.21
6.21
6.21
6.21
6.21
6.21
6.21
5.98
5.98
5.98
5.98
6.21
5.98
6.21
