6.66
6.89
6.89
6.89
6.89
6.89
7.12
6.66
6.89
7.12
6.66
6.89
6.89
5.75
6.89
7.35
6.89
6.89
7.58
6.89
6.89
7.12
6.89
7.12
7.12
7.12
6.89
6.89
6.89
6.89
6.89
6.66
6.44
6.89
6.44
6.89
6.89
6.66
6.89
6.89
7.12
6.89
7.12
6.89
6.89
6.89
6.89
7.12
6.89
6.89
7.12
6.89
6.89
7.12
6.89
6.89
6.89
7.35
6.89
6.89
6.89
6.66
6.89
6.89
6.89
6.89
6.89
6.89
6.89
6.89
6.89
7.12
6.89
6.89
6.89
6.89
6.89
6.89
6.89
6.89
6.89
6.89
6.89
7.12
7.12
6.89
6.89
7.35
6.89
7.12
6.89
6.89
6.89
6.89
6.89
7.12
7.12
6.66
7.12
6.89
6.89
7.12
7.12
7.12
6.89
6.89
6.89
6.89
6.89
6.89
6.66
6.89
6.89
6.89
6.89
6.89
7.35
6.44
6.89
7.12
6.89
6.89
6.89
6.89
7.12
6.89
6.89
7.12
7.12
6.89
6.89
6.89
6.89
6.89
6.89
6.66
6.89
7.12
6.89
6.89
7.12
6.89
6.89
7.12
6.44
6.89
6.89
6.89
7.12
6.89
6.89
7.12
6.89
6.89
6.89
6.89
7.12
6.89
6.89
6.89
6.89
6.89
6.89
6.89
7.58
6.89
6.89
6.89
6.89
6.89
6.89
6.89
6.66
6.89
6.89
6.89
6.89
6.66
6.89
6.89
6.89
6.44
6.89
6.89
6.89
6.89
6.89
6.89
7.35
6.89
6.89
6.89
6.89
6.89
7.12
6.89
6.89
6.89
6.89
7.12
6.89
6.89
6.44
6.89
7.12
6.89
6.89
6.89
6.89
6.89
6.89
6.89
6.89
6.66
6.89
7.12
6.89
6.89
6.89
6.89
5.07
6.89
6.89
7.12
6.89
6.89
6.89
6.89
6.44
6.89
6.89
6.89
6.89
6.89
6.89
6.89
6.89
6.89
6.89
6.89
6.66
7.35
6.89
6.89
6.66
7.12
6.89
6.89
6.89
6.89
6.89

6.89
6.89
7.12
6.89
6.89
6.89
6.89
7.12
6.89
6.89
7.12
7.12
6.89
7.12
6.89
7.12
7.12
6.89
7.12
7.35
6.89
7.12
7.12
7.12
7.12
6.89
6.89
7.12
7.35
7.12
7.12
6.89
6.89
6.89
7.12
7.12
6.89
6.89
7.12
6.89
7.12
7.12
7.12
7.12
6.89
6.89
6.89
7.12
6.89
7.12
7.12
7.12
6.89
7.12
7.12
7.35
6.89
7.12
7.12
7.12
7.12
7.12
6.89
6.66
7.12
6.89
7.35
7.12
7.12
7.12
7.12
8.05
6.89
7.12
6.89
6.89
7.12
6.89
6.66
7.35
7.12
7.12
7.12
6.89
6.89
7.12
6.66
7.35
6.89
7.12
6.89
6.89
6.89
7.12
7.12
6.89
7.12
6.89
7.12
7.12
6.66
6.89
7.12
7.12
6.89
7.12
7.12
7.12
7.12
7.12
6.89
7.12
7.12
7.12
7.12
7.12
6.89
6.89
6.89
7.12
6.89
6.89
7.35
6.89
7.35
6.89
7.12
7.12
7.12
6.89
6.89
7.12
6.89
7.12
6.89
6.89
7.12
6.89
7.12
6.89
7.12
6.89
6.89
7.12
7.12
6.89
6.89
6.89
6.44
6.89
7.12
6.89
6.89
7.12
6.89
6.89
6.89
7.12
6.89
6.89
6.89
6.89
6.89
6.89
4.17
6.89
6.89
6.89
6.89
6.89
7.12
6.89
6.89
6.89
6.89
6.89
6.89
7.35
6.89
6.89
6.66
6.89
6.89
6.89
6.89
7.12
6.89
6.89
6.66
6.89
7.12
6.89
6.89
6.89
6.89
6.89
6.89
6.89
6.66
7.12
6.89
6.89
6.89
6.89
6.89
6.89
6.66
7.12
6.89
6.89
6.89
6.89
6.89
7.12
6.89
6.89
6.89
5.98
6.89
6.89
6.89
6.66
6.66
6.89
6.89
6.89
6.89
6.89
6.89
6.89
6.89
6.66
6.66
6.66
6.89
6.66
6.89
6.89
6.89
6.89
6.89
6.89
6.66
6.89
7.12
6.66
6.89
6.66
6.66
6.44
6.89
6.66
6.66
6.89
6.89
6.89
6.89
6.89
6.89
6.89
6.66
