5.98
6.21
6.21
6.21
6.21
6.21
6.21
6.21
6.44
6.21
6.21
6.21
6.21
5.53
6.21
5.98
6.21
6.21
6.66
6.21
6.21
6.21
6.44
6.21
6.21
6.21
5.98
6.44
6.21
6.21
5.75
6.44
6.21
6.21
6.21
6.21
6.21
6.44
6.44
6.21
6.21
6.21
6.44
6.44
6.21
6.21
6.21
6.21
6.21
5.98
6.44
6.44
6.44
6.44
6.44
6.21
6.44
6.21
6.89
6.21
6.21
6.21
6.21
6.44
6.44
6.21
6.44
6.44
6.44
6.21
6.44
6.44
6.44
6.44
6.21
6.44
6.44
6.44
5.75
6.21
6.89
6.44
6.44
6.44
6.44
6.44
6.44
3.73
6.44
6.44
6.89
6.44
6.44
6.89
6.44
5.98
6.66
6.44
6.44
6.66
6.44
6.44
6.44
6.44
6.44
6.66
6.44
6.44
6.44
6.44
6.44
6.66
6.44
6.44
5.75
6.66
6.66
6.66
6.66
6.44
6.44
6.44
6.66
6.66
6.66
6.66
6.66
6.66
6.44
6.44
6.66
6.66
6.66
6.66
6.66
6.89
6.66
6.66
6.66
6.66
6.66
6.21
6.66
6.89
6.66
6.89
6.66
6.89
6.66
6.66
6.89
6.44
6.66
6.89
6.89
6.66
6.89
6.89
6.89
6.89
6.89
6.66
6.66
6.89
6.89
6.89
6.89
6.66
6.89
6.89
6.89
6.66
6.89
6.89
6.89
7.35
6.89
6.89
7.12
6.89
6.89
6.89
7.12
7.12
7.12
7.12
7.12
6.89
7.12
7.35
7.12
7.12
7.12
7.12
7.12
7.12
6.89
7.12
7.12
7.12
6.66
7.12
7.58
7.35
7.12
7.12
7.12
7.35
7.35
7.35
7.12
7.35
6.89
7.12
6.89
7.12
7.12
7.35
7.35
7.12
6.89
7.35
7.35
7.35
7.35
7.58
8.05
7.58
7.58
7.35
7.35
7.35
7.35
7.58
7.81
7.35
7.58
7.35
7.12
7.35
7.58
7.35
7.58
7.58
6.89
7.35
7.58
7.58
7.35
7.58
7.58
7.58
8.28
7.58
7.58
7.81
7.58
7.58
6.21
7.58
7.58
7.81
7.58
7.58
7.35
7.81
8.74
7.58
7.81
7.58
7.58
7.81
7.81
7.58
7.81
7.81
8.51
7.12
7.81
7.58
7.81
7.81
7.81
7.81
8.05
8.05
7.81
7.81
7.81
8.05
7.81
8.05
7.81
7.81
8.05
7.81
7.81
8.05
8.05
7.81
8.05
8.05
7.81
7.81
8.05
8.74
8.05
8.28
8.05
8.05
8.05
8.05
8.05
8.05
8.28
8.05
8.28
8.05
8.05
8.28
8.28
8.51
8.28
8.05
8.05
8.28
8.28
8.28
8.74
8.51
8.51
8.28
8.51
8.28
8.28
8.28
8.28
8.28
8.28
8.51
8.74
8.28
8.51
8.28
8.28
8.51
8.28
8.51
8.51
8.51
8.28
8.05
8.51
8.28
8.28
8.51
8.51
8.51
8.51
8.51
8.51
8.51
8.51
8.28
8.51
8.51
10.39
8.74
8.51
8.98
8.51
8.51
8.74
8.51
8.51
8.51
8.51
8.51
8.51
8.51
7.12
8.51
8.51
8.74
8.51
8.51
8.74
8.74
9.21
8.74
8.74
8.74
8.51
8.74
8.51
8.74
8.74
8.51
8.74
8.74
8.74
8.74
8.74
8.74
8.74
8.74
8.51
8.28
8.74
9.21
8.74
8.74
8.74
8.74
8.74
8.74
8.74
8.28
8.51
8.74
8.74
8.74
8.98
8.74
8.74
8.74
8.74
8.74
8.74
8.74
8.74
8.74
8.74
8.98
8.74
8.51
8.74
8.98
8.74
8.74
8.74
8.98
8.98
8.51
8.98
8.98
9.21
8.98
8.74
8.98
8.74
8.98
8.98
8.98
8.74
8.74
8.74
8.51
8.74
8.74
8.98
8.98
10.86
9.21
8.98
8.98
8.98
8.74
8.98
8.98
8.98
8.98
8.98
9.21
8.98
8.98
8.98
8.98
8.74
9.21
8.98
9.21
8.74
8.98
8.98
8.98
8.98
8.98
8.74
8.98
8.98
8.98
8.98
8.98
8.98
8.98
8.98
8.74
8.98
8.98
8.98
8.74
8.98
8.98
8.98
8.98
8.98
8.98
9.21
8.98
8.74
8.98
8.98
8.74
9.21
8.98
9.21
8.98
9.21
8.98
8.98
8.74
8.98
8.98
9.21
8.51
9.21
8.98
8.98
8.98
8.98
8.98
8.98
8.98
8.98
8.98
8.98
9.21
9.21
8.98
9.21
8.51
9.21
8.98
8.98
8.98
9.21
8.98
8.98
8.98
9.44
9.21
8.98
8.74
9.21
8.98
9.21
8.98
8.98
8.98
9.21
8.98
8.51
9.21
8.98
8.98
9.21
8.98
8.98
9.21
9.21
8.98
9.21
9.21
9.21
9.21
8.98
8.98
9.21
8.98
9.21
8.98
8.74
9.21
9.21
9.21
9.21
9.21
9.21
9.21
9.21
8.74
9.21
9.21
8.98
9.21
9.68
9.21
9.44
7.81
9.21
9.21
9.21

9.44
9.44
9.21
9.44
9.44
9.44
9.44
9.44
9.44
9.21
9.44
9.44
9.91
9.44
9.44
9.44
9.44
9.44
9.44
9.44
9.21
9.44
9.44
9.44
9.44
9.91
9.44
9.44
9.44
9.44
5.30
9.68
9.44
9.44
9.44
9.44
9.68
9.44
9.91
9.44
8.98
9.44
9.68
9.44
9.44
9.68
8.98
9.44
9.44
9.68
9.44
9.44
9.44
9.44
9.91
9.44
9.44
9.44
9.44
9.44
9.44
9.68
9.44
9.44
9.68
9.44
9.44
9.44
9.44
9.44
9.44
9.44
9.44
9.44
9.44
9.44
9.44
9.44
9.44
9.44
9.68
9.44
9.44
9.44
9.44
9.44
9.44
9.44
9.44
9.44
9.44
9.44
9.68
9.68
9.44
9.44
9.44
9.44
9.44
9.44
9.44
9.44
9.44
8.98
9.44
9.44
9.44
9.44
10.15
9.44
9.68
9.44
9.44
9.68
9.68
9.44
9.44
9.21
13.99
9.44
9.44
8.74
9.68
9.44
9.44
9.44
9.91
9.68
9.44
9.44
9.44
9.44
9.44
9.44
9.44
9.44
9.44
9.68
9.44
9.44
9.44
9.44
9.44
9.68
9.68
8.28
9.44
9.44
9.44
9.44
9.68
9.44
9.44
9.91
9.44
9.68
9.44
9.44
9.44
9.44
9.44
9.91
9.44
9.44
9.44
9.44
9.44
9.68
9.44
9.21
9.44
9.44
9.44
9.44
9.44
9.44
9.44
9.44
9.44
9.44
9.44
9.44
10.15
9.44
9.44
9.44
9.44
9.44
9.44
9.44
9.44
9.44
9.44
9.21
9.21
9.44
9.44
9.91
9.44
9.44
9.21
9.21
9.44
9.21
9.68
9.44
9.44
9.44
9.44
11.57
9.44
9.44
11.34
9.68
8.98
9.44
8.98
9.44
9.21
9.21
9.44
9.44
9.21
8.98
9.44
9.44
9.44
8.98
8.98
9.44
9.21
9.21
8.98
9.44
9.21
9.21
9.44
11.57
9.21
9.21
9.44
9.21
9.21
9.21
9.21
9.21
9.21
9.21
9.21
9.44
9.21
9.21
9.21
9.21
9.21
9.68
9.21
8.98
9.21
9.21
9.21
8.98
9.21
8.98
9.21
9.21
9.21
8.98
8.51
9.21
8.98
8.98
9.21
8.98
8.98
9.21
9.21
8.51
8.98
9.21
8.51
8.98
8.74
8.98
8.98
8.51
8.98
8.98
8.74
8.98
8.74
8.98
8.74
8.74
8.98
8.74
8.74
8.74
8.74
8.74
8.98
8.74
8.51
6.21
8.74
8.51
8.74
8.74
7.81
8.74
8.74
9.21
8.51
8.51
8.51
8.51
8.74
8.51
8.51
7.81
8.51
8.51
8.28
8.28
8.28
8.28
8.51
8.05
8.28
8.28
8.28
8.28
8.05
8.28
8.28
8.28
8.28
8.05
8.51
8.28
7.81
8.28
8.05
8.05
8.05
8.28
8.05
8.05
8.05
8.05
8.05
8.05
8.05
7.81
7.81
8.05
8.05
7.81
7.81
8.05
7.81
8.05
7.81
7.81
7.12
7.81
7.81
7.81
7.81
7.81
7.35
7.81
7.58
7.81
7.81
8.28
7.58
7.81
7.58
7.58
7.35
7.81
7.58
7.58
7.58
7.58
7.35
7.58
7.58
7.35
7.81
7.58
7.58
7.58
7.58
7.58
7.58
7.58
7.58
7.35
7.58
7.35
7.58
7.35
7.35
7.35
7.58
7.35
7.12
7.35
7.35
7.35
7.58
7.35
7.35
7.35
7.35
7.35
7.35
7.35
7.12
7.35
7.35
7.12
7.12
7.12
7.12
7.12
7.35
7.12
7.12
7.35
7.12
6.89
7.12
7.12
6.89
7.12
7.12
7.12
7.12
7.35
7.12
7.12
6.89
6.89
7.12
6.89
6.89
6.66
6.89
6.89
6.89
6.89
6.89
6.89
6.89
7.12
6.44
6.66
6.89
6.89
6.66
6.66
6.66
6.66
6.89
6.89
6.66
6.89
6.89
6.66
6.66
5.07
6.66
6.66
6.66
6.66
6.66
6.66
6.89
7.35
6.66
6.44
6.66
6.66
6.66
6.66
6.66
6.44
6.66
6.44
6.66
6.66
5.98
6.44
6.44
6.44
6.44
6.66
6.44
6.44
6.44
6.44
6.44
6.44
6.44
6.44
6.44
6.21
6.44
6.44
6.21
6.21
6.44
6.44
6.21
6.21
6.66
6.44
6.21
6.21
6.21
6.21
6.21
6.44
6.44
6.21
6.44
6.21
6.44
6.21
6.21
6.21
6.44
6.21
6.21
6.21
6.21
6.21
6.21
6.21
5.98
6.21
6.21
6.21
6.21
6.21
6.89
6.21
5.98
6.21
5.98
6.21
5.98
5.98
5.98
5.75
5.30
6.21
6.21
5.98
5.98
5.75
6.66
5.98
5.75
6.66
5.98
6.21
6.21
5.98
5.75
5.98
5.98
5.75
6.21
6.21
5.98
5.98
5.98
5.98
5.53
5.98
5.98
5.98
5.98
5.75
5.98
5.98
5.98
5.53
5.98
5.98
5.98
5.98
5.98
5.98
5.98
5.98
5.98
5.98
5.98
5.98
5.98
5.98
5.98
5.98
5.98
5.98
5.98
5.98
5.98
