5.75
5.75
5.98
5.75
5.53
5.75
5.98
5.75
5.75
5.30
5.75
5.75
5.75
5.75
5.75
5.30
5.75
5.75
5.75
5.75
5.75
5.75
5.75
5.53
5.75
5.75
5.98
5.75
5.98
5.75
5.75
5.75
5.98
5.53
5.75
5.75
5.75
5.75
5.75
5.98
5.30
5.53
5.98
5.75
5.75
5.98
6.21
5.98
5.75
5.75
5.75
5.98
5.98
5.75
5.98
5.75
5.75
5.75
5.98
5.75
5.75
5.75
5.98
5.98
5.75
5.75
5.98
5.98
5.75
5.75
5.98
5.75
5.98
5.98
5.75
5.98
5.30
5.98
5.98
5.75
5.98
5.30
5.98
5.30
5.75
5.75
5.98
5.98
5.98
5.98
5.98
5.75
5.98
5.75
1.96
5.98
5.98
5.98
5.75
5.98
6.21
5.98
5.98
6.21
5.98
5.98
5.98
5.98
5.98
6.21
5.98
6.21
5.53
5.98
5.98
6.21
5.98
6.21
6.21
6.21
5.98
6.21
6.21
6.21
5.98
6.21
6.21
5.98
5.98
5.98
6.21
6.21
6.21
6.21
6.21
6.21
6.21
6.44
6.21
6.44
6.21
6.21
6.21
6.44
6.21
6.21
6.21
6.21
6.21
6.21
6.21
6.44
6.21
6.44
6.21
5.75
6.44
6.44
6.21
6.21
6.44
6.89
6.21
7.12
6.44
6.44
6.44
6.44
6.44
6.66
6.44
6.44
6.21
6.44
6.44
6.44
6.44
6.66
6.44
6.44
6.66
6.66
6.66
6.66
6.89
6.89
6.66
6.44
6.66
6.44
6.44
6.66
6.66
6.66
7.58
6.89
6.66
6.66
6.66
6.66
6.89
6.44
6.66
6.66
6.66
6.89
6.66
6.66
6.89
6.89
6.89
7.12
6.89
6.89
6.89
6.89
6.66
6.89
6.89
6.89
6.89
6.89
6.89
7.12
6.89
6.66
6.89
6.89
7.12
6.66
7.12
7.12
6.44
7.12
7.12
7.12
7.12
7.12
7.12
7.12
7.12
7.35
7.12
7.35
7.35
7.12
7.12
7.35
6.44
7.12
7.35
7.35
7.12
7.35
7.35
7.35
7.81
7.35
7.35
7.35
7.58
7.35
7.35
7.35
8.05
7.35
7.58
7.58
7.35
7.35
7.81
7.35
8.05
7.58
7.35
7.58
7.58
7.35
7.58
7.81
7.58
7.58
7.81
7.35
7.58
7.58
7.81
7.58
6.89
7.81
7.58
7.58
7.81
7.81
7.81
7.81
7.12
7.81
7.81
8.05
8.05
7.12
8.05
7.81
7.81
7.81
8.05
8.05
8.05
8.05
8.05
8.05
8.05
8.05
8.05
8.05
8.05
8.05
8.05
8.05
8.28
8.28
8.05
8.28
8.28
8.28
8.28
8.28
8.74
8.28
8.51
8.28
8.28
8.28
8.51
8.28
8.74
8.51
8.28
8.51
8.51
8.28
8.51
8.74
8.51
8.74
8.51
8.51
8.51
8.51
8.74
8.51
8.74
8.98
8.74
8.51
8.74
8.98
8.74
8.51
8.74
8.74
8.74
8.74
8.74
8.74
8.74
8.98
7.58
8.74
8.74
8.74
8.74
8.74
8.98
8.98
8.74
8.98
8.98
8.51
8.98
9.44
8.98
8.98
8.98
8.98
8.98
8.98
9.21
8.74
8.98
9.21
8.98
9.21
9.21
9.21
9.21
9.68
7.81
9.21
9.21
9.21
9.44
8.98
9.44
9.44
9.21
9.44
9.44
9.21
9.44
9.21
9.44
9.21
9.44
9.44
9.44
9.44
9.44
9.44
9.44
9.44
9.44
9.44
9.44
9.44
9.44
9.44
9.44
9.21
9.44
9.44
9.68
9.68
9.44
9.68
9.68
9.68
9.44
9.68
9.68
9.44
9.68
8.51
9.68
9.68
9.68
9.68
9.91
9.91
9.21
9.68
9.68
9.91
9.68
9.68
9.68
9.68
8.28
9.91
9.68
9.68
9.91
9.68
9.91
9.91
9.91
9.68
9.91
9.91
9.91
9.91
10.15
10.15
9.68
9.91
9.91
9.91
9.91
9.91
9.44
10.15
9.91
9.91
10.15
9.91
9.91
10.15
9.91
10.15
10.15
9.91
9.91
9.91
10.15
10.15
9.91
9.91
9.91
9.91
9.91
10.15
10.15
9.91
9.91
10.15
10.15
10.15
9.91
9.91
10.39
10.15
9.91
10.39
10.15
10.15
10.15
10.15
9.91
10.15
10.62
10.15
10.15
10.15
10.15
10.15
10.15
10.15
10.15
10.15
9.91
10.15
10.15
10.39
10.15
10.15
10.15
10.15
10.15
10.15
10.39
10.15
10.15
10.15
10.39
10.15
10.39
10.15
10.15
10.39
10.15
10.15
10.39
10.39
10.15
10.39
10.39
10.39
10.39
10.39
10.39
10.15
10.39
10.39
9.91
10.15
10.39
10.15
10.15
10.62
10.39
10.39
10.39
10.15
10.39
10.15
10.39
10.39
10.39
10.39
10.39
10.39
10.39
10.39
11.10
10.39
10.15
10.39
10.39
10.86
10.62
10.39
10.15
9.68
10.39
10.15
10.39
10.39
10.39
10.39
10.39
10.39
10.39
10.39
10.39
10.39
10.39
10.39
10.15
10.62
10.39
11.81
10.39
10.39
10.39
10.39
10.39
10.39
10.15
10.62
10.39
10.39
10.15
10.39
10.39
10.39
10.62
10.39
10.39
11.34
10.62
10.39
10.86
10.39
10.62
10.62
10.62
10.39
10.39
10.39
10.15
10.62
10.39
10.62
10.15
10.39
10.62
10.39
10.39
10.62
10.39
10.15
10.39
10.39
10.39
10.86
10.62
10.62
10.39
10.62
10.62
10.39
10.62
10.86
10.39
10.62
9.91
10.62
10.62
10.15
10.39
10.62
10.39
10.62
10.39
10.39
10.62
10.62
10.62
10.62
10.39
9.44
10.62
10.62
10.39
10.39
10.62
10.62
10.39
10.39
10.62
10.62
10.15
10.62
10.39
10.62
10.39
10.62
10.62
10.62
10.62
10.62
10.62
10.39
10.62
10.62
10.62
10.62
10.62
10.86
10.39
10.62
10.62
10.86
10.62
10.62
10.39
10.62
10.62

10.62
10.86
10.86
10.86
10.86
10.86
10.86
10.86
10.15
10.86
10.86
10.86
10.86
10.86
10.86
10.86
10.86
11.10
10.86
10.86
10.86
11.10
11.10
10.62
10.39
10.86
10.86
10.86
10.86
10.86
10.86
10.86
11.10
11.10
10.62
10.86
10.86
10.86
10.86
10.62
10.62
10.86
10.86
11.10
10.86
10.86
10.86
10.86
10.86
10.15
10.62
10.86
10.86
10.86
11.10
10.86
10.86
11.10
10.86
10.86
11.10
10.62
10.86
10.86
10.86
11.10
9.68
10.86
11.34
10.86
10.86
11.10
10.86
10.86
10.86
10.62
11.10
11.10
10.86
11.57
10.86
10.86
10.86
10.86
10.86
10.86
10.62
11.10
10.86
10.86
11.10
11.10
10.86
11.34
10.86
10.86
10.86
10.86
11.10
10.86
11.10
12.05
10.86
10.39
10.86
10.86
10.86
11.10
10.86
11.10
11.10
10.86
11.10
11.10
10.86
11.10
10.86
10.86
11.10
11.10
11.10
11.10
11.10
11.10
10.86
10.86
10.86
10.86
11.34
10.86
11.10
10.86
10.86
11.10
11.34
10.86
11.10
10.86
10.86
11.10
11.10
11.10
11.10
11.10
11.10
10.86
10.86
11.10
11.10
11.57
11.10
10.86
10.86
11.10
11.10
11.10
11.10
10.62
10.86
11.10
12.29
11.10
11.10
11.10
10.86
11.10
10.86
11.34
10.86
10.86
11.10
10.86
11.10
10.62
10.86
11.10
11.10
11.10
11.34
9.91
11.34
11.10
11.10
11.10
11.10
10.62
10.86
11.10
10.86
11.34
11.10
10.86
11.10
10.86
10.86
10.86
8.74
11.10
10.86
10.86
10.86
10.86
10.86
11.10
10.62
10.86
10.86
10.62
10.15
10.86
10.86
10.86
10.86
11.10
13.26
10.86
10.86
10.86
10.86
10.86
10.86
11.10
10.86
10.86
10.86
11.10
10.86
10.86
10.86
10.86
10.62
10.86
10.86
10.86
10.86
10.86
10.86
10.86
10.62
10.86
10.86
11.10
10.86
10.86
10.62
10.62
10.62
10.86
10.62
10.86
10.15
10.86
10.62
10.86
10.62
10.62
10.62
10.62
11.10
11.10
10.62
10.62
10.62
10.86
10.62
10.39
10.62
10.62
10.62
12.53
10.62
10.39
10.86
10.39
10.39
10.62
10.39
10.39
10.39
10.39
10.39
10.39
10.39
10.39
10.86
10.39
10.39
10.39
10.39
10.39
10.39
9.68
10.15
10.39
10.62
9.44
10.15
10.39
10.62
10.39
10.15
10.15
10.15
10.86
9.91
10.15
10.15
9.91
9.91
10.15
9.91
10.39
9.91
9.91
10.15
9.91
9.91
10.39
9.91
9.91
9.91
10.15
9.21
10.15
10.15
9.68
9.21
9.68
9.68
9.91
9.91
9.91
9.21
9.91
9.68
9.44
9.68
9.68
9.44
9.68
9.44
9.44
10.15
10.62
9.44
10.15
9.44
9.44
7.58
9.44
9.44
9.44
9.44
9.44
9.21
10.15
9.44
9.21
9.21
9.21
9.21
9.21
9.21
8.98
8.98
9.21
9.21
9.21
9.21
9.21
8.98
9.21
8.98
8.74
8.98
8.98
8.74
8.98
8.98
8.51
8.98
8.98
8.74
8.98
8.74
8.74
8.74
8.74
8.51
8.74
8.74
8.74
8.51
8.74
8.74
8.51
8.51
8.51
8.51
8.51
8.51
8.51
8.28
8.51
8.51
8.51
8.28
8.51
8.28
8.51
8.74
8.28
8.05
8.28
8.05
8.28
8.28
8.28
8.28
7.81
8.28
8.28
8.05
8.05
8.28
8.28
8.05
8.05
8.05
8.05
8.05
8.05
7.81
7.81
8.28
7.81
7.81
7.81
7.35
7.58
7.81
8.05
7.58
7.81
7.81
7.58
7.58
7.58
7.58
7.58
7.58
7.81
7.12
7.58
7.58
7.58
7.58
7.58
7.81
7.58
7.35
7.35
7.58
7.35
7.58
7.35
7.58
7.58
7.58
7.35
7.35
7.35
7.58
7.35
7.35
7.12
7.58
7.35
7.12
7.12
7.35
7.12
7.35
7.35
7.12
7.12
6.89
7.12
7.12
7.12
7.12
7.12
7.12
7.12
7.12
7.12
7.12
7.12
6.44
7.12
7.12
7.12
6.89
7.12
6.89
6.89
6.89
6.89
6.89
6.89
6.89
6.89
6.89
6.66
6.89
6.66
7.35
6.89
6.89
6.89
6.66
7.35
6.66
6.66
6.66
6.66
6.44
6.66
6.66
6.21
6.66
6.66
6.66
6.44
6.66
6.44
6.44
6.21
6.44
6.44
6.44
6.44
6.44
6.44
6.44
6.66
6.44
6.44
6.44
6.44
6.44
6.44
6.21
6.89
6.44
6.44
6.21
6.44
6.21
6.44
6.21
6.44
6.21
6.44
6.21
6.21
6.66
6.21
6.21
6.44
6.44
6.21
6.21
6.21
6.21
6.21
6.21
5.98
6.21
6.21
5.98
5.98
6.21
6.21
6.21
5.98
5.98
5.98
6.21
5.98
5.98
5.98
5.98
5.53
6.21
6.21
5.98
5.98
6.21
5.98
5.98
5.98
5.98
5.75
5.98
5.98
5.75
5.98
5.98
5.98
5.98
5.98
5.98
5.75
5.98
5.75
5.75
6.44
5.75
5.75
5.75
5.75
5.75
5.75
5.75
5.30
5.75
5.98
5.75
5.98
5.98
5.75
5.75
5.75
5.75
5.75
5.75
5.75
5.53
5.75
5.75
5.53
5.75
5.75
5.98
5.75
5.53
5.75
5.75
5.75
5.75
5.75
5.98
5.75
5.30
5.75
5.75
5.98
5.53
5.75
5.53
5.53
5.30
6.21
5.53
3.73
5.53
5.75
5.53
5.75
5.53
5.53
5.75
5.53
5.53
5.75
5.53
5.53
6.21
5.53
5.53
5.53
5.53
5.53
5.75
5.75
5.53
5.75
5.75
5.53
5.53
5.53
5.53
5.53
5.75
5.53
5.53
5.75
5.53
5.53
5.53
5.53
5.53
5.53
5.75
5.53
5.53
5.53
5.53
5.53
5.30
5.53
5.53
5.53
5.53
5.53
5.53
5.75
5.98
5.53
5.53
