5.98
6.44
5.98
5.98
5.98
5.98
5.98
5.98
5.98
5.98
5.75
5.75
5.75
5.98
5.98
5.75
5.98
5.75
5.98
5.98
5.98
5.75
5.53
5.98
5.98
5.98
5.98
5.75
5.98
5.98
5.98
5.98
5.98
5.98
5.75
5.98
5.98
5.98
5.98
5.98
5.98
6.21
5.98
5.98
5.75
5.53
3.50
5.98
5.98
5.98
5.98
5.98
5.98
5.98
5.53
5.98
5.98
6.21
5.98
5.98
6.21
5.98
5.98
5.98
6.21
6.21
5.98
6.21
5.98
5.98
5.98
5.98
5.98
5.07
6.21
6.21
5.98
5.98
6.21
5.98
6.21
6.21
6.21
5.98
6.66
5.98
6.21
5.98
5.98
6.21
5.75
6.21
6.21
6.21
6.21
5.98
6.21
6.21
6.21
6.21
5.98
6.21
5.98
6.21
6.21
5.98
6.21
6.21
6.21
6.21
6.21
6.21
6.21
6.21
6.21
6.44
6.21
6.21
5.98
6.44
6.44
6.21
6.21
6.21
6.21
6.21
6.21
6.21
6.44
6.21
6.44
6.21
5.98
6.21
6.44
6.44
6.21
6.44
6.44
5.75
6.21
6.44
6.44
6.44
6.44
6.44
6.66
6.44
6.44
6.44
6.44
6.44
6.44
6.44
6.44
6.44
6.44
6.66
6.44
5.98
6.66
6.44
6.66
6.44
6.66
6.66
6.66
6.66
6.44
6.66
6.66
6.44
6.44
6.66
6.44
6.66
6.66
6.66
6.66
6.66
6.66
6.66
6.89
6.89
6.66
6.89
6.66
6.21
6.66
6.66
5.98
6.89
6.89
6.89
6.89
6.66
6.66
6.66
6.89
6.89
6.89
6.89
6.89
6.66
6.89
6.89
6.89
6.89
6.89
7.12
6.89
6.66
7.12
7.12
7.12
7.12
6.89
7.12
7.12
7.12
7.12
7.12
7.12
7.35
7.35
7.35
6.89
6.66
7.12
7.12
5.98
7.35
7.35
7.12
7.12
7.12
7.12
7.35
7.35
7.12
7.35
7.12
7.35
7.35
7.35
7.35
7.58
7.35
7.35
7.35
7.35
7.35
7.35
7.58
7.35
7.35
7.81
7.35
7.35
7.35
7.58
7.35
7.35
7.35
6.89
7.58
7.58
7.35
7.35
7.58
7.58
7.58
8.05
7.81
7.58
7.81
7.35
7.58
7.35
7.58
7.58
7.58
7.81
7.81
7.81
7.58
8.05
7.81
8.28
7.81
7.81
7.81
7.81
7.81
7.81
7.81
7.81
8.05
7.81
8.05
8.05
8.05
8.05
8.05
9.21
8.05
8.05
8.05
8.05
8.05
8.05
8.05
8.28
8.05
8.28
8.51
8.05
8.28
7.81
8.28
8.05
8.05
8.28
8.28
8.28
8.05
8.51
8.28
8.28
8.05
8.28
8.28
7.81
8.28
8.28
8.28
8.28
8.28
8.51
8.51
8.51
8.28
8.51
8.51
8.74
8.51
8.51
8.51
8.51
8.51
8.74
8.51
8.28
8.51
8.51
8.74
8.74
8.74
8.51
8.74
8.28
8.51
8.74
8.74
8.74
8.98
8.98
8.74
8.98
8.74
8.74
8.51
8.74
11.10
8.74
8.98
8.98
8.74
8.98
8.98
7.81
8.74
8.98
8.98
9.21
8.98
8.98
8.98
8.98
8.98
8.98
9.21
8.98
8.98
8.98
9.21
9.21
9.21
8.98
8.98
8.98
8.98
8.98
9.21
9.21
9.21
9.21
9.21
9.21
9.21
9.21
8.98
9.21
9.44
9.21
9.44
9.68
9.44
9.21
9.21
8.98
9.21
9.21
9.44
9.21
9.21
9.21
9.44
9.68
9.21
9.44
9.44
9.21
9.44
9.44
9.44
9.44
9.44
8.98
9.44
9.44
9.44
9.44
9.44
9.44
9.44
9.44
9.44
9.44
9.44
9.44
9.44
9.68
9.44
9.44
9.44
9.44
9.44
9.44
9.68
9.68
9.68
9.44
9.21
9.68
9.44
9.44
9.44
9.21
9.21
9.44
9.68
9.44
9.44
10.15
9.21
9.68
9.44
9.68
9.68
9.68
9.44
9.44
9.68
9.68
9.68
9.21
9.68
10.15
9.68
9.68
9.68
9.68
9.21
9.68
9.44
9.91
9.68
9.68
6.44
9.68
9.68
9.68
9.68
9.68
9.68
9.68
9.68
9.68
9.68
9.91
9.68
5.07
9.68
9.68
9.91
9.68
9.68
9.91
9.68
9.68
9.91
9.68
9.91
9.68
9.68
9.68
9.68
9.91
9.91
9.68
9.91
9.44
9.68
9.91
9.91
9.21
9.68
9.68
9.91
9.68
9.91
9.91
9.68
9.91
9.68
9.68
9.91
10.15
9.68
10.39
9.91
9.91
9.91
9.91
9.91
8.74
9.91
9.91
9.68
9.91
9.68
9.91
9.91
9.91
9.91
9.91
9.91
9.91
10.15
9.68
9.91
9.91
9.91
8.74
9.91
9.91
9.91
9.91
9.91
9.91
9.91
10.39
9.91
9.91
9.68
10.15
9.91
9.91
9.91
10.15
10.15
9.91
9.91
12.29
9.91
9.91
9.68
9.91
9.91
9.91
10.15
9.91
10.15
9.91
9.91
9.91
9.91
8.51
9.91
10.15
9.91
9.91
9.91
9.91
9.91
10.15
10.15
9.91
9.91
9.91
10.15
10.15
9.91
9.91
10.15
9.91
10.15
9.91
10.15
10.15
9.91
9.91
9.91
10.15
9.91
9.91
10.15
9.91
9.91
9.91
9.68
9.91
10.62
10.15
9.91
10.62
10.62
9.91
10.15
10.15
9.91
10.15
9.91
9.91
10.15
10.15
10.15
10.39
10.15
10.15
10.15
10.15
10.39
10.15
9.91
12.05
10.15
10.15
10.15
10.62
10.15
10.15
9.91
10.15
10.15
10.15
10.39
9.91
10.15
10.15
10.15
9.91
10.15
10.15
10.15
10.15
10.39
9.91
10.15
10.15
10.15
10.15
10.15
10.39
10.15
10.15
10.15

10.39
10.86
10.15
10.39
10.39
10.39
10.39
10.62
10.62
10.15
10.15
10.39
10.39
10.39
10.39
10.39
10.62
10.39
10.39
10.62
10.39
10.39
10.62
10.39
10.39
10.62
10.39
10.62
10.39
10.15
10.39
9.91
10.39
11.10
10.15
10.39
10.39
10.39
10.39
10.39
10.39
10.39
10.39
10.39
10.39
10.39
10.39
10.39
10.86
10.39
10.39
10.39
10.39
8.98
10.39
10.39
10.39
10.39
10.39
10.39
10.39
10.39
10.39
10.15
10.62
10.39
10.39
10.39
10.39
10.62
10.15
11.10
10.39
10.39
10.39
10.39
10.39
10.15
10.39
10.15
10.39
10.62
10.62
10.39
10.39
10.62
10.39
10.39
10.39
10.39
10.39
10.39
10.39
10.39
10.39
10.39
10.39
10.62
10.39
11.34
10.62
10.39
10.62
10.39
10.39
10.62
10.39
10.39
10.62
10.39
10.62
10.39
10.39
10.39
10.62
10.39
10.86
10.39
10.62
10.62
10.39
10.86
10.39
10.39
10.62
13.99
10.62
10.39
10.39
10.86
10.15
10.39
10.39
10.39
10.39
10.62
10.39
10.39
10.62
10.39
10.39
10.39
10.39
11.34
10.39
10.39
10.62
10.86
10.39
10.62
10.39
10.62
10.62
10.62
10.39
10.62
10.39
10.62
10.39
10.62
10.62
10.39
10.62
10.62
10.39
10.15
10.62
10.39
10.62
10.15
10.62
10.39
10.62
10.62
10.62
10.39
11.10
10.62
10.39
10.62
11.10
9.91
10.62
10.62
10.62
10.39
10.39
10.86
10.62
10.39
10.62
10.62
10.62
10.62
10.39
10.39
10.62
10.62
10.62
10.39
10.39
10.39
10.39
10.62
10.39
10.39
10.39
10.39
10.39
10.62
10.39
10.62
10.39
10.39
10.39
10.39
11.57
10.39
10.39
10.39
10.39
9.91
10.15
10.62
10.15
10.39
10.39
9.91
10.15
10.39
10.15
10.62
10.39
10.15
10.62
10.15
10.15
10.15
9.68
10.39
10.15
10.15
10.15
10.15
10.15
10.39
10.15
10.15
8.05
9.91
9.91
10.62
10.15
9.91
9.68
10.15
9.91
10.39
10.15
9.91
9.68
9.91
9.91
9.44
9.91
9.91
10.15
9.91
9.91
10.15
9.91
9.91
9.91
9.68
9.68
9.91
9.91
9.68
9.68
9.91
9.91
9.68
9.68
9.91
9.68
9.68
9.68
9.68
9.44
9.68
10.15
9.44
9.44
9.68
9.44
9.68
9.44
9.44
9.68
9.44
9.44
9.44
9.44
9.44
9.44
9.44
8.98
9.44
9.44
9.44
9.21
9.44
9.21
9.21
9.68
9.21
9.21
9.21
9.21
9.21
9.21
9.21
8.74
8.98
8.98
8.98
8.98
8.98
9.21
8.98
8.51
8.98
8.98
8.98
8.98
8.74
8.51
8.98
8.28
8.98
8.74
8.98
8.98
8.98
8.74
8.74
8.74
8.74
8.74
8.51
8.74
8.51
8.74
8.74
8.28
8.51
8.74
8.74
8.74
8.51
7.58
8.51
8.51
8.51
8.51
8.51
8.51
8.98
8.28
8.51
8.28
8.28
8.51
8.28
8.05
8.51
7.81
8.28
7.81
8.28
8.28
8.28
8.05
8.05
8.05
8.28
7.81
8.05
8.05
8.05
8.05
8.05
8.05
7.81
8.28
8.05
7.81
8.51
8.28
8.74
7.81
7.81
7.81
7.81
7.81
7.81
7.81
7.81
7.81
7.58
7.58
7.58
7.58
7.81
7.81
7.81
7.81
7.81
7.58
7.58
7.58
7.58
7.58
7.35
7.58
7.58
7.58
7.58
7.58
7.58
7.35
7.58
7.35
7.35
7.35
7.35
7.35
7.81
7.35
7.35
7.35
7.12
7.35
7.35
7.35
7.12
7.35
7.12
7.12
7.35
7.12
7.12
7.12
7.35
7.12
7.81
7.12
7.12
7.35
7.12
7.12
7.35
6.89
6.66
7.12
7.12
7.12
7.12
7.12
6.89
6.66
6.89
6.66
7.12
7.35
6.89
6.89
6.89
6.89
6.44
6.89
6.89
6.89
6.89
6.89
6.89
6.66
6.44
6.66
6.66
6.66
6.89
6.66
6.66
6.89
6.66
6.66
6.66
6.66
6.44
7.12
6.21
6.44
7.35
6.66
6.66
6.44
6.66
6.89
6.44
6.44
8.28
6.44
6.66
6.44
6.44
6.44
6.44
6.44
6.44
6.44
6.44
6.44
6.44
5.98
6.44
6.21
6.21
6.44
6.21
6.21
6.89
6.44
6.44
6.21
6.21
6.21
6.44
6.21
6.21
6.44
5.98
6.21
5.98
6.21
6.21
6.66
6.21
5.98
6.21
6.21
6.21
6.21
5.98
6.21
6.21
5.98
5.98
5.98
5.98
6.21
6.21
5.98
6.21
6.44
5.98
5.98
6.21
5.98
5.98
5.98
5.98
5.98
6.21
5.98
5.98
5.98
5.98
5.75
5.98
1.96
5.98
5.98
5.98
5.98
5.75
5.75
5.98
4.40
5.75
6.44
5.98
5.98
6.66
5.75
5.75
5.98
5.98
5.98
5.75
5.75
5.75
5.75
5.75
5.98
5.98
5.98
5.53
5.75
5.75
5.75
5.75
5.98
5.75
5.53
5.75
5.98
5.98
5.75
5.75
5.75
5.98
5.75
5.75
5.75
5.75
5.75
5.75
5.75
5.75
5.75
5.98
5.75
5.75
5.75
5.75
5.98
5.75
5.75
5.75
5.75
5.53
5.75
5.53
5.98
5.75
5.53
5.75
5.75
5.75
5.53
5.53
5.75
5.75
5.75
5.75
5.75
5.53
5.53
5.53
5.75
5.75
5.53
5.75
5.75
7.58
5.75
5.75
5.53
5.75
5.75
5.53
5.75
5.98
5.75
5.53
5.75
5.75
5.53
