5.75
5.53
5.53
5.53
5.53
5.53
5.30
5.53
5.53
5.53
5.53
5.53
5.53
5.53
5.53
5.53
5.30
5.53
5.75
5.53
5.53
5.75
5.53
5.53
5.75
5.53
5.75
5.75
5.75
5.53
5.75
5.75
5.53
5.30
5.53
5.53
5.53
5.53
5.53
5.53
5.98
5.75
5.75
5.75
5.75
5.75
5.75
5.53
6.21
5.53
5.75
5.53
5.75
5.75
5.07
5.53
5.98
5.75
5.53
5.53
5.75
5.98
5.30
5.75
5.53
5.75
5.53
5.75
5.53
5.75
5.75
5.75
6.21
5.75
5.75
5.75
5.75
5.75
5.75
5.53
5.75
5.75
5.75
5.53
5.53
5.75
5.75
5.75
5.98
5.75
5.75
5.75
5.75
5.75
5.53
5.98
5.75
5.75
5.75
5.75
5.75
5.75
5.75
5.75
6.21
5.75
5.75
5.75
5.75
5.75
5.98
5.75
5.75
5.75
5.98
5.53
5.75
5.98
5.98
5.75
5.75
5.98
5.75
5.75
5.98
5.30
5.98
5.98
5.98
5.75
5.98
5.75
5.98
6.21
5.98
5.98
5.98
5.98
5.75
5.98
5.98
5.98
6.21
5.98
5.98
5.98
5.75
5.98
5.98
6.44
5.98
5.98
5.98
5.98
5.98
5.98
5.98
6.66
5.98
6.21
5.75
5.98
6.21
6.21
6.21
6.21
5.98
5.98
5.75
5.98
6.21
5.75
6.21
6.44
6.21
6.44
6.21
6.21
5.75
6.44
6.44
6.21
6.21
6.21
6.44
6.21
6.21
6.44
5.98
6.21
6.44
6.21
6.44
6.44
7.35
6.44
5.98
6.44
6.66
6.44
6.66
6.21
6.44
6.44
6.66
6.66
6.44
6.66
6.66
6.66
6.44
6.66
6.89
6.44
6.66
6.66
6.66
6.66
5.98
6.66
6.66
6.66
6.66
6.66
6.21
6.66
6.44
6.66
6.66
6.89
6.89
6.66
6.89
6.89
6.89
6.66
6.89
6.89
6.89
6.89
6.66
6.89
6.66
7.12
6.89
6.89
6.89
6.89
6.66
7.12
6.89
6.89
6.89
7.12
6.89
8.05
6.89
7.12
7.12
7.12
7.12
6.66
7.12
7.12
7.12
7.35
7.12
7.12
7.35
7.12
7.35
7.35
7.12
7.12
7.35
7.35
7.35
7.81
7.35
7.35
7.35
7.35
7.58
7.35
7.58
7.35
7.58
7.58
7.58
7.58
7.35
7.58
7.35
7.58
7.58
7.58
7.58
7.58
7.58
7.81
7.81
7.58
7.81
8.05
7.58
7.81
7.81
7.81
8.28
8.05
7.81
8.05
7.81
8.05
8.05
8.05
8.05
8.05
8.05
8.05
8.05
8.05
8.05
8.05
8.28
8.05
8.05
8.51
8.28
8.28
8.05
8.28
8.28
8.28
8.05
6.66
8.28
8.28
8.51
8.28
8.28
8.74
8.51
8.28
8.51
8.28
8.51
8.51
8.51
8.28
8.51
8.74
8.51
8.51
8.74
8.74
8.51
8.74
8.74
8.51
8.74
8.74
8.51
8.74
8.74
8.74
8.74
8.74
8.98
8.74
8.74
8.98
8.74
8.51
8.74
8.74
8.98
8.98
8.98
8.98
8.74
8.98
8.98
9.68
9.21
8.98
9.21
9.21
8.98
9.21
9.21
8.98
9.21
9.21
9.21
9.21
9.44
9.21
9.21
9.68
9.44
94
13.74
13.74
13.74
13.74
13.99
13.99
13.74
13.74
13.74
13.74
13.99
13.74
13.74
13.74
13.99
13.74
13.74
13.74
13.74
13.99
13.74
13.99
13.99
13.74
13.74
13.74
13.74
13.99
13.99
14.48
13.74
13.99
13.74
13.74
13.99
13.99
13.99
14.23
13.99
13.74
13.99
13.74
13.74
13.99
13.74
13.74
13.99
13.74
13.99
13.99
13.74
14.48
13.74
13.74
13.99
13.99
13.74
13.99
13.99
13.99
13.99
13.99
13.99
13.99
13.99
13.99
14.48
13.99
13.99
13.99
13.99
13.99
13.99
14.23
13.99
14.48
13.99
13.99
13.99
13.99
13.99
13.99
13.99
13.99
13.99
14.23
13.99
13.99
13.99
13.99
13.99
13.99
14.23
14.48
13.99
13.26
13.99
13.99
13.50
13.99
13.99
14.23
13.99
13.99
14.23
13.99
14.23
13.99
13.99
14.23
13.99
13.99
13.99
13.99
14.23
14.23
13.99
14.23
14.23
13.99
14.23
14.23
13.99
13.99
13.99
13.99
13.99
14.23
13.50
13.99
13.99
14.23
14.23
13.99
13.99
13.99
13.99
14.23
13.99
13.99
13.99
13.99
13.99
13.99
13.99
13.99
13.99
14.23
14.23
13.99
13.99
13.99
13.99
13.99
13.99
14.23
14.23
14.23
13.99
13.99
13.99
13.99
13.74
13.99
13.99
13.99
13.99
13.99
13.99
13.99
13.99
13.99
13.99
13.99
13.99
13.99
13.74
13.99
13.99
13.99
13.99
13.99
13.99
13.99
13.74
13.99
13.99
13.99
13.99
13.99
13.74
13.99
13.99
13.74
13.99
13.26
13.74
13.99
13.99
13.99
13.74
13.74
13.99
13.99
13.74
14.48
13.74
13.74
13.99
13.74
13.74
13.26
13.74
13.74
13.74
14.48
13.74
13.99
13.74
13.74
13.74
13.74
13.74
13.99
13.74
13.74
13.74
13.26
14.48
13.50
13.74
13.74
13.74
13.74
13.50
13.99
13.50
13.50
13.74
13.50
13.74
13.74
13.74
13.50
13.74
13.50
13.74
13.50
13.50
13.50
13.26
13.50
13.74
13.50
13.74
13.50
13.26
13.50
13.50
13.26
13.99
13.50
13.50
13.26
13.50
13.50
13.50
13.26
13.50
13.50
13.50
14.23
13.02
13.26
13.50
13.50
13.50
13.50
13.26
13.50
13.26
13.26
12.77
13.50
13.26
13.26
13.50
13.26
13.26
13.26
13.26
13.26
13.26
13.02
12.77
13.26
13.26
13.02
13.02
13.02
13.26
13.26
13.02
13.02
13.26
13.02
13.02
12.77
13.26
13.02
13.02
13.02
12.77
12.77
13.02
13.26
13.26
13.02
13.02
13.02
13.02
13.02
13.02
12.77
13.02
12.77
13.02
12.77
12.29
12.77
12.77
12.77
12.77
12.77
12.77
12.77
12.53
13.02
12.77
12.53
12.77
12.77
12.77
12.77
12.77
12.53
12.77
12.53
12.53
12.53
12.53
12.53
12.53
12.53
12.53
12.53
12.29
12.53
12.53
11.57
12.53
12.29
12.53
12.29
12.53
12.53
12.29
12.53
12.53
12.29
12.53
12.29
12.29
12.53
11.81
12.05
12.29
12.29
12.29
12.05
12.05
9.44
12.05
12.29
12.29
12.53
12.05
12.05
12.05
12.05
12.05
11.81
12.29
11.81
12.05
12.05
11.81
11.81
12.05
12.05
11.81
11.81
11.81
11.81
11.81
11.81
12.05
12.05
11.81
11.81
11.57
11.57
11.81
11.57
12.77
11.57
11.57
11.57
11.81
12.05
11.81
11.81
11.57
11.57
11.57
11.81
11.34
11.34
11.57
11.57
11.57
11.34
11.34
11.34
11.34
11.34
11.34
11.34
11.34
11.34
11.34
11.34
11.34
11.34
11.34
11.34
11.10
11.10
11.10
11.10
11.10
11.34
11.10
11.10
11.10
10.86
11.10
11.34
11.34
11.10
11.10
11.10
10.86
10.86
10.86
11.10
10.86
10.86
10.86
10.86
10.62
10.62
10.86
11.10
10.62
10.86
10.39
10.15
10.86
10.62
10.39
10.62
10.62
10.86
10.62
10.62
10.62
10.39
10.62
10.39
10.39
10.39
10.39
10.39
10.39
10.15
10.39
10.39
10.62
10.15
10.15
9.91
10.15
10.15
10.15
10.15
10.15
10.15
10.15
10.15
9.91
10.15
9.91
9.91
9.91
9.91
9.91
10.15
9.91
9.68
9.91
9.91
9.91
9.91
9.68
9.68
9.91
9.68
9.68
9.68
9.68
9.44
9.68
9.68
9.91
9.68
9.91
9.68
9.44
9.44
9.68
9.44
9.44
9.44
9.44
9.21
9.44
9.44
9.21
9.44
9.21
9.21
9.21
8.05
9.21
9.21
9.21
8.98
9.21
9.21
8.98
8.98
8.98
8.98
8.98
8.98
8.98
8.98
8.98
8.74
8.98
8.98
8.98
8.74
8.98
8.74
8.51
8.74
8.74
8.74
8.74
8.74
8.74
8.51
8.28
8.51
8.74
8.51
8.74
8.51
8.51
8.51
8.28
8.28
8.28
8.74
8.51
8.74
8.28
8.28
8.28
8.28
8.28
8.28
8.28
8.28
8.28
8.05
7.35
8.05
8.28
8.05
8.05
8.05
8.28
8.05
8.05
8.05
8.05
7.81
8.05
7.81
8.05
7.81
7.81
8.05
7.81
8.05
7.81
7.81
7.81
7.81
7.81
7.58
7.58
7.81
7.58
4.62
7.58
7.58
7.58
7.58
7.58
7.58
7.58
8.05
7.58
7.58
7.58
7.58
7.58
7.12
7.58
7.35
7.35
7.35
7.12
7.35
7.35
7.35
7.12
7.12
7.12
7.12
7.12
7.12
7.12
7.12
7.12
6.89
7.12
7.12
7.12
6.89
7.12
6.89
7.12
6.66
7.12
6.89
7.12
7.12
6.89
6.89
6.89
6.89
7.12
6.89
6.89
6.89
6.66
6.89
6.89
7.12
6.89
6.66
6.89
6.89
6.89
6.89
6.89
6.66
6.89
6.89
6.89
6.66
7.12
6.89
6.66
6.89
6.66
6.44
6.66
6.66
6.44
6.66
6.66
6.66
6.66
6.66
6.44
6.44
6.66
6.44
6.44
6.89
6.66
6.44
6.66
6.44
7.58
6.44
6.66
6.44
6.44
5.75
6.21
6.44
6.89
6.44
6.44
6.44
6.44
6.21
6.21
6.44
6.44
6.44
6.44
6.66
6.21
6.44
6.21
6.44
6.44
6.44
6.21
6.21
6.44
6.44
6.44
6.44
6.21
6.44
6.21
6.44
6.44
6.66
6.21
6.21
6.21
6.44
6.21
6.21
6.21
6.44
6.21
6.21
6.21
6.21
6.21
6.21
6.21
3.28
6.21
6.21
5.98
6.21
5.98
6.21
6.21
5.75
5.98
6.21
6.21
6.21
5.98
6.21
5.98
5.98
6.44
5.98
6.44
6.21
6.21
5.98
6.21
5.98
5.98
5.98
5.98
5.98
6.21
5.98
5.98
6.21
5.98
5.98
6.21
6.21
5.98
6.21
5.98
6.44
5.98
5.98
5.98
5.98
5.98
5.98
5.98
5.75
6.21
5.98
5.98
6.21
5.75
5.98
5.98
5.98
5.98
6.21
5.98
5.98
5.98
5.98
5.98
5.98
6.21
5.98
5.98
5.98
6.21
5.98
5.98
5.98
5.98
6.21
5.98
5.98
5.98
5.75
5.98
5.98
5.98
5.98
5.98
5.98
5.98
5.98
5.98
5.98
5.98
5.98
5.98
5.98
6.21
5.98
5.98
5.98
5.98
5.98
5.53
5.98
5.98
5.98
5.98
5.98
5.98
5.98
5.98
5.98
5.98
5.98
5.98
5.98
5.98
5.98
5.98
5.98
5.98
5.98
5.98
5.98
5.98
5.98
5.98
5.75
5.98
5.98
5.98
5.98
5.98
6.21
5.98
6.21
5.98
5.98
5.98
5.75
5.98
5.53
5.98
5.98
6.21
5.98
5.75
5.98
5.98
5.98
5.98
5.98
5.98
5.98
5.98
5.75
5.98
6.21
5.98
5.98
5.98
5.98
5.75
5.75
5.98
5.53
5.98
5.98
5.53
5.98
5.98
5.98
