5.53
5.53
5.75
5.75
5.53
5.53
5.07
5.75
5.75
5.53
5.75
5.75
5.75
5.53
5.53
5.98
5.53
5.75
5.53
5.53
5.75
5.75
6.21
5.53
5.75
5.75
5.53
5.75
5.53
5.53
5.75
5.75
5.75
5.75
5.75
5.75
5.53
5.75
5.53
5.75
5.75
5.75
5.53
5.75
5.53
5.75
5.75
5.75
5.75
5.53
5.53
5.53
5.53
5.75
5.30
5.75
5.75
5.75
5.53
5.75
5.53
5.53
5.30
5.75
5.75
5.75
5.75
5.75
5.75
5.75
5.53
4.85
5.75
5.53
5.75
5.98
5.75
5.75
5.30
5.75
5.75
5.75
5.75
5.75
5.30
6.21
5.30
5.75
5.75
5.75
5.75
5.75
5.75
5.53
5.53
5.75
5.75
5.75
5.75
5.75
5.75
5.98
3.95
5.75
5.98
6.21
5.98
5.75
5.98
5.75
5.98
5.75
5.98
5.98
5.98
6.89
5.98
5.98
5.75
5.98
5.98
5.75
5.98
5.98
5.98
5.98
6.21
5.98
5.98
5.98
6.21
5.98
5.98
5.98
5.53
5.98
6.21
6.21
5.53
6.44
5.98
5.98
6.21
6.21
5.98
6.21
6.21
6.21
6.21
6.21
6.21
6.21
6.21
5.98
6.21
5.98
6.21
6.21
6.21
6.21
6.21
6.44
6.21
6.21
6.21
6.21
6.21
6.21
6.44
6.21
6.21
6.89
6.21
6.21
6.44
6.21
6.21
6.21
6.44
6.21
6.44
6.44
6.44
6.44
6.44
6.44
6.44
6.21
6.44
6.44
6.44
6.66
6.44
6.66
6.44
6.44
6.66
6.44
6.44
6.66
6.66
6.66
6.21
7.12
6.66
6.44
6.66
6.66
6.66
6.66
6.89
6.66
6.66
6.89
6.66
6.89
6.66
6.66
6.66
6.89
6.89
6.66
6.66
6.89
6.44
6.89
6.44
6.89
6.66
6.89
6.89
6.89
7.12
6.89
6.89
6.89
6.89
7.12
6.89
7.12
7.58
6.89
7.12
6.89
7.12
7.12
6.89
6.89
7.12
6.89
7.12
7.12
7.12
7.12
7.12
7.12
7.12
7.35
7.12
7.12
7.12
7.12
7.35
7.12
7.35
7.35
7.12
7.35
7.35
7.12
7.58
7.35
7.12
7.35
7.58
7.35
7.58
7.35
7.35
7.35
6.89
7.35
7.58
7.58
7.58
7.58
7.58
7.58
7.58
7.58
7.58
7.58
7.58
7.58
8.05
7.58
7.58
7.58
7.58
7.58
7.81
7.81
7.58
7.81
8.74
7.81
8.05
7.81
7.81
7.81
7.81
7.81
7.58
8.05
8.05
8.28
8.05
8.05
8.28
8.05
8.05
8.05
8.05
8.05
8.05
8.05
8.05
8.28
8.28
8.28
8.28
8.28
8.28
8.05
8.28
8.28
8.74
8.28
8.51
8.28
8.28
8.51
8.51
8.51
8.51
8.51
8.51
8.74
8.51
8.28
8.05
8.51
8.51
8.51
8.74
8.51
8.74
8.74
8.74
8.74
7.81
8.74
8.74
8.98
8.74
8.74
8.74
8.74
8.74
8.74
8.74
8.98
8.74
9.21
8.74
8.98
8.51
8.98
8.98
8.98
8.98
9.44
8.98
8.98
8.98
9.21
9.21
8.98
8.98
9.44
9.21
9.21
8.98
9.21
9.21
9.68
9.21
9.44
9.21
9.44
9.21
9.21
9.44
9.21
9.21
9.44
9.44
9.21
9.44
9.44
9.21
9.44
9.44
9.68
9.44
9.44
9.44
9.44
9.21
8.98
9.44
9.44
9.44
9.44
9.44
9.68
9.68
9.44
9.44
8.98
9.44
9.68
9.68
9.68
9.68
9.68
9.68
9.68
9.68
9.68
9.68
9.91
9.68
9.68
9.91
7.35
9.68
9.68
9.68
9.68
9.91
9.91
9.91
9.68
9.91
9.68
9.91
9.91
9.91
9.91
9.91
9.91
9.91
9.91
10.15
9.91
10.15
9.91
9.91
10.15
10.15
9.91
10.15
9.91
9.91
10.15
10.39
10.15
10.15
10.15
10.15
10.15
10.15
10.86
9.68
10.15
10.15
10.15
10.15
10.15
10.39
10.15
10.15
10.39
10.39
10.15
10.39
10.39
10.15
10.39
10.39
10.39
9.91
10.86
10.39
10.39
10.39
10.39
10.15
10.39
10.39
10.39
10.39
10.62
10.62
10.62
10.39
10.39
10.39
10.39
10.39
10.39
10.62
10.39
10.62
10.39
10.39
10.62
10.39
10.39
10.62
10.62
10.62
10.62
10.39
10.39
10.62
10.62
10.62
10.62
10.39
10.62
10.62
10.62
10.62
7.81
10.62
10.62
10.62
10.62
10.62
10.62
10.62
10.62
10.62
10.86
10.62
10.62
11.34
10.39
10.86
10.62
10.86
10.86
10.62
10.62
10.62
10.39
10.62
10.86
10.62
10.86
10.86
10.62
10.62
10.86
10.62
10.86
10.86
10.62
10.86
9.68
10.62
10.86
10.62
10.86
10.62
10.62
10.86
10.62
10.86
10.86
11.10
10.62
10.86
10.86
10.86
10.86
10.62
10.86
10.86
10.86
10.86
10.39
10.86
10.86
10.86
10.62
10.86
10.62
10.62
10.86
10.62
10.62
10.86
10.86
10.86
10.86
10.62
11.10
10.86
10.86
10.86
10.86
10.86
13.02
10.86
10.86
10.86
10.62
10.86
10.86
10.86
10.86
10.86
10.86
11.81
10.86
10.86
10.86
11.10
10.86
10.86
10.39
10.86
10.86
10.86
10.62
11.10
11.10
10.86
10.86
10.86
10.86
11.10
11.10
10.86
11.10
10.86
11.10
11.10
10.62
10.86
10.86
10.86
10.86
10.86
10.86
10.86
10.86
10.86
10.86
10.86
10.86
13.74
10.86
10.86
10.86
10.86
11.10
10.62
10.86
10.86
10.39
10.86
10.86
10.86
10.86
10.86
10.86
10.86
10.86
10.86
11.10
10.86
10.86
11.10
10.86
11.10
10.86
10.86
11.10
11.10
10.39
10.86
10.86
10.62
11.10
10.86
11.10
11.10
10.86
11.10
10.86
11.10
11.10
11.10
10.86
10.86
11.10
11.10
11.10
10.86
10.86
10.86
11.10
11.10
10.86
10.62
11.10
10.86
11.10
11.10
11.10
11.10
10.86
9.44
11.10
11.10
11.10
11.10
11.10
9.91
11.34
11.10
11.10
11.10
10.86
10.86
10.86
11.34
11.34
11.34
11.34
11.10
11.10
11.34
11.34
11.34
11.34
11.34
12.05
11.34
11.34
11.34
11.34
11.34
11.34
11.34
11.34
11.34
11.34
10.86
11.34
11.34
11.10
11.34
11.10
11.34
11.34
11.57
11.10
11.10
11.34
11.57
11.34
11.34
11.10
11.10
11.34
11.34
11.57
11.10
11.57
11.34
11.34
11.34
11.34
11.34
11.34
11.34
11.10
11.34
11.34
11.10
8.98
11.34
11.34
11.57
11.34
11.34
11.81
11.34
11.34
11.34
11.34
11.34
11.34
11.34
11.34
11.34
11.34
11.34
11.34
11.34
11.34
11.34
11.34
10.86
11.10
11.34
11.34
10.62
11.34
12.77
11.34
11.34
11.34
11.57
11.10
11.57
11.10
11.34
11.34
11.34
11.34
11.34
11.34
11.34
11.34
11.34
11.34
11.34
11.57
11.57
11.34
11.57
11.34
11.34
11.34
11.34
11.34
11.34
11.57
11.57
12.77
11.34
11.34
11.34
11.34
11.57
11.81
11.10
11.57
11.57
11.34
11.57
11.34
11.34
11.34
11.34
11.57
11.10
11.34
11.10
11.34
11.57
11.34
11.34
11.57
11.34
11.34
11.57
11.34
11.57
11.34
11.57
11.57
11.57
11.57
11.57
11.34
11.57
11.57
11.81
11.57
11.57
11.57
11.81
11.34
11.57
11.57
11.57
11.34
11.57
9.68
11.34
11.57
11.57
11.57
11.57
11.57
9.44
11.57
11.57
11.57
11.57
11.57
11.57
11.57
11.34
11.57
11.57
10.39
11.57
11.34
11.34
11.34
11.34
11.57
11.34
11.57
11.57
11.57
11.57
11.57
11.57
11.57
11.57
11.57
11.57
12.05
11.34
11.81
11.34
9.44
11.34
11.57
11.57
11.57
11.34
11.34
11.34
11.57
11.57
11.57
11.34
11.57
11.34
11.57
11.34
11.34
11.34
11.34
11.57
11.34
11.34
11.34
11.57
11.34
11.57
11.34
11.34
11.57
11.57
11.57
11.34
11.34
10.39
11.34
11.34
11.34
11.34
11.34
11.57
11.57
11.34
11.34
11.34
11.34
11.34
11.34
11.34
11.10
11.34
11.34
11.10
11.34
11.34
11.10
11.34
11.10
11.10
11.57
11.10
11.10
11.10
11.10
11.34
11.10
11.10
11.34
11.81
11.10
11.34
10.62
11.10
11.10
10.62
11.10
11.10
10.86
11.10
10.62
11.10
10.86
10.86
10.86
11.34
10.86
10.86
10.86
10.86
11.10
10.86
10.86
10.86
10.62
10.86
10.86
11.10
10.86
10.86
10.86
10.62
10.86
10.86
10.62
10.86
10.86
10.86
10.62
10.62
10.62
10.86
10.62
10.62
10.62
10.62
10.62
10.86
10.62
10.62
10.39
10.39
10.39
10.62
10.15
10.39
10.86
10.39
10.39
10.39
10.62
10.62
10.39
10.39
10.62
10.39
10.15
10.39
10.39
10.39
9.91
10.39
10.15
10.15
10.15
10.39
10.15
10.15
10.39
10.15
10.15
10.15
10.39
9.91
10.15
9.91
9.91
9.91
9.91
9.91
10.15
9.91
9.91
9.91
9.91
9.91
9.91
9.91
9.68
9.91
9.91
9.68
9.68
9.68
9.68
9.68
9.68
9.44
9.44
9.68
9.68
9.68
9.44
9.44
9.44
9.44
9.44
9.44
9.44
9.21
9.44
9.44
9.44
9.44
9.21
9.44
9.21
9.21
9.21
9.21
9.21
8.05
9.21
8.98
9.21
9.21
8.98
9.21
9.21
9.21
8.98
8.98
9.21
8.98
8.98
9.44
8.98
8.74
8.98
8.98
8.74
8.74
8.74
8.74
8.98
8.98
8.98
8.98
8.74
8.74
8.51
8.74
8.51
9.21
8.74
8.51
8.51
8.74
8.51
8.51
8.74
8.51
8.51
9.21
8.51
8.28
8.51
8.28
8.28
8.28
8.28
8.28
8.28
8.28
8.28
8.28
8.28
8.28
8.05
8.05
8.05
8.05
8.28
8.05
8.05
7.58
8.05
7.81
7.58
8.05
7.81
7.81
8.05
7.81
7.81
7.81
7.81
7.81
7.81
7.81
7.58
7.81
7.58
7.58
7.58
7.58
7.58
7.58
8.28
8.05
7.58
7.12
7.58
7.35
7.58
7.35
7.35
7.35
7.58
7.35
7.35
7.35
7.58
7.35
7.35
7.35
7.35
7.35
7.35
7.12
7.58
7.35
7.35
6.89
7.35
7.12
7.35
7.35
6.66
7.12
7.35
7.35
7.12
7.35
6.89
6.89
7.35
7.12
6.89
7.12
7.12
7.12
7.12
7.12
7.12
7.12
7.12
7.12
6.89
6.89
7.12
6.89
6.89
6.89
6.89
7.12
7.12
6.89
6.66
6.89
6.66
6.66
6.21
6.66
6.66
6.66
6.89
6.66
6.66
6.66
6.44
6.89
6.66
6.66
6.66
6.66
6.44
6.66
6.21
6.44
6.44
6.66
6.44
6.44
6.66
6.44
6.44
6.66
6.44
6.44
6.89
6.44
6.44
6.21
6.44
6.44
6.44
6.44
6.44
6.44
6.44
6.44
7.12
6.21
6.44
6.66
6.21
6.66
6.21
6.21
6.21
6.66
6.21
6.21
6.21
6.21
6.21
6.21
5.98
6.21
6.21
6.21
6.21
5.75
6.21
5.98
6.21
6.21
5.98
6.21
5.98
5.75
5.98
5.98
5.75
5.98
5.98
5.98
5.98
6.21
5.98
5.98
5.98
5.98
5.98
5.98
5.98
5.98
5.98
5.98
5.98
5.75
5.98
5.98
5.98
6.21
5.75
5.75
5.75
6.21
5.75
5.75
5.98
5.53
5.75
5.75
5.75
5.75
5.75
5.75
5.75
6.44
5.98
5.75
5.75
5.75
5.53
5.98
5.75
5.53
5.75
5.75
5.75
5.53
6.21
5.75
5.75
5.75
5.75
5.75
5.75
5.75
5.53
5.98
5.75
5.53
5.53
5.75
5.98
5.98
5.75
5.53
5.75
5.75
5.53
5.53
5.75
5.75
4.40
4.40
5.53
5.53
5.53
5.75
5.53
5.53
5.75
5.53
5.53
5.75
5.53
5.53
5.75
5.53
4.17
5.30
5.53
5.75
5.53
5.75
5.53
5.53
5.53
5.53
5.53
5.30
5.98
5.53
5.53
5.53
5.75
5.53
5.53
5.53
5.53
5.53
5.53
5.53
5.98
5.53
5.53
5.53
5.53
5.53
5.75
5.53
5.53
5.53
5.53
5.53
5.53
5.75
5.07
5.53
5.53
5.53
5.53
5.53
5.53
5.53
5.75
