5.53
5.53
5.75
5.53
5.53
5.53
5.53
5.30
5.75
5.30
5.75
5.53
5.75
5.75
5.75
5.75
5.75
5.30
5.53
5.53
5.98
5.53
5.98
5.53
5.75
5.75
5.53
5.53
5.75
5.53
5.53
5.30
5.75
5.53
5.75
5.75
5.53
5.75
6.21
5.53
5.75
5.75
5.53
5.98
5.75
5.53
5.53
5.75
5.53
5.98
5.75
5.53
5.53
5.75
6.44
5.75
5.75
5.53
5.53
5.75
5.53
5.75
5.75
5.75
5.75
5.75
5.75
5.53
5.75
5.53
5.75
5.75
5.75
5.53
5.53
5.75
5.53
5.75
5.53
4.85
5.75
5.75
5.75
5.53
5.53
5.75
6.21
5.75
5.53
5.98
5.75
5.53
5.53
5.75
5.98
5.53
5.53
5.53
5.75
5.53
5.53
5.53
5.75
5.53
5.53
5.75
5.53
5.98
5.75
5.53
5.98
5.75
6.44
5.75
5.75
5.53
5.53
5.75
5.53
5.53
5.53
5.53
5.75
5.75
5.75
5.53
5.75
5.53
5.75
5.53
5.75
5.75
5.75
5.53
6.66
5.53
5.75
5.53
5.75
5.53
5.98
5.53
5.53
5.75
5.75
5.75
5.75
6.21
5.53
5.75
5.53
5.53
5.75
5.53
5.53
5.53
5.53
5.53
5.75
5.53
5.75
5.53
5.07
5.75
5.98
5.75
5.53
5.53
5.30
5.53
5.75
5.53
5.75
5.53
5.98
5.75
5.75
5.30
5.75
5.07
5.75
5.07
5.53
5.53
5.75
5.53
5.75
5.75
5.75
5.53
5.53
5.75
5.53
6.21
5.75
5.07
5.30
5.75
5.53
5.07
5.53
5.75
5.30
5.53
5.75
5.53
5.30
5.53
5.53
5.53
5.53
5.98
5.53
5.53
5.53
5.53
5.53
5.53
5.53
5.53
5.53
5.53
5.53
5.75
5.53
5.53
5.53
5.30
5.98
5.53
5.30
5.53
5.53
5.75
5.53
5.30
5.53
5.53
5.53
5.53
5.53
5.75
5.30
5.30
5.75
5.53
5.53
5.30
5.53
5.53
5.53
5.98
5.53
5.53
6.21
5.30
5.53
5.53
5.75
4.85
5.53
5.53
5.53
5.53
5.53
5.98
5.53
5.53
5.75
5.53
5.75
5.75
5.30
5.53
5.98
5.53
5.53
5.53
5.75
5.53
5.75
5.30
5.75
5.53
5.53
5.53
4.62
5.75
5.30
5.53
5.75
5.53
5.53
5.53
5.53
5.30
5.75
5.53
5.53
5.53
5.53
5.53
5.75
5.53
5.75
5.53
5.75
5.98
5.53
5.53
5.53
5.53
5.53
5.53
5.53
5.53
5.75
5.53
5.75
5.75
5.30
5.53
5.98
5.75
5.53
5.53
5.53
5.75
6.44
5.75
5.53
5.75
5.75
5.75
5.75
5.75
5.75
5.53
5.75
5.75
5.53
5.75
5.53
5.53
5.75
5.98
5.75
5.53

5.75
5.98
5.75
5.75
5.75
5.75
5.75
5.75
5.98
5.53
6.66
5.53
5.75
5.98
5.98
5.98
5.98
5.98
5.53
5.75
5.75
5.75
5.98
5.98
5.53
5.98
5.98
5.75
5.75
5.98
5.98
5.75
5.75
5.75
5.53
5.98
5.75
5.75
5.98
5.75
5.98
5.75
5.98
5.98
5.98
5.98
5.75
5.98
5.75
5.75
5.98
6.21
5.98
5.75
5.75
5.75
5.75
5.75
5.75
5.98
6.89
5.98
5.98
5.75
5.75
5.98
5.75
5.75
5.98
5.98
6.21
5.98
6.44
5.75
5.75
5.75
5.75
6.66
5.98
5.98
5.75
6.21
5.75
5.75
5.98
5.98
5.75
3.95
5.75
5.75
5.98
5.75
5.98
5.98
5.75
5.07
5.75
5.75
5.53
5.75
5.98
5.75
5.75
5.98
5.75
5.75
5.98
5.75
5.75
5.98
5.75
5.98
5.75
5.75
5.75
5.75
5.98
5.75
5.98
5.98
5.53
5.98
5.07
5.75
5.75
5.75
5.75
5.98
5.75
5.75
5.75
5.53
5.75
6.44
5.75
5.07
5.75
5.75
5.75
5.75
5.75
5.98
5.98
5.75
5.53
5.30
5.75
5.75
5.75
5.75
5.30
5.75
5.75
5.75
5.98
5.75
5.75
5.75
5.75
5.75
5.75
5.75
5.75
5.75
5.75
5.75
5.75
6.21
5.53
5.75
5.75
5.75
5.53
5.98
5.75
5.53
5.75
5.75
5.75
5.75
5.75
5.75
5.53
5.75
5.75
5.75
5.75
5.75
5.53
5.75
5.75
5.98
5.53
5.75
4.85
5.75
5.53
6.21
5.53
5.53
5.75
5.53
5.30
5.75
3.95
5.98
5.75
5.07
5.75
5.53
5.53
5.53
5.30
5.75
5.53
5.75
5.53
5.53
5.53
5.53
7.12
5.30
5.53
5.30
5.53
5.53
5.53
5.53
5.30
5.75
5.53
5.53
5.07
5.30
5.53
5.53
5.98
5.53
5.53
5.53
5.53
5.53
5.53
5.30
5.30
5.07
5.53
5.75
5.30
4.85
5.53
5.53
5.30
5.53
5.53
5.53
5.53
5.53
5.53
5.53
5.98
5.53
5.30
5.30
5.53
5.30
5.53
5.53
5.30
5.30
5.75
5.30
5.30
5.53
5.30
5.30
6.21
5.53
5.30
5.53
5.30
5.30
5.07
5.30
3.95
5.53
5.53
5.30
5.30
5.30
5.30
5.30
5.53
5.53
5.30
4.40
5.53
5.30
5.53
5.30
5.30
5.30
5.53
5.30
5.53
5.30
5.07
5.30
5.30
5.30
5.30
5.30
5.30
5.30
5.53
5.53
5.30
5.30
5.53
5.53
5.30
5.30
5.30
4.85
5.75
5.30
5.30
5.53
5.30
5.30
5.75
5.53
5.30
5.30
5.30
5.30
5.30
5.53
4.85
5.53
5.30
5.53
5.30
5.30
5.30
2.18
5.30
5.30
5.07
5.53
5.53
5.75
5.53
6.21
5.07
5.30
5.30
5.30
