5.07
5.07
5.07
5.07
5.07
5.07
5.07
4.85
5.07
5.53
4.85
5.07
5.07
5.07
5.07
4.85
5.30
5.30
5.07
5.07
5.07
5.07
5.07
5.07
5.07
4.62
5.07
5.07
5.07
5.07
5.07
4.85
5.07
4.62
5.07
5.07
5.07
5.07
5.07
4.85
5.07
5.07
5.07
5.07
4.85
4.85
5.07
5.07
5.07
5.07
5.07
5.07
5.30
5.30
5.07
5.07
5.07
5.07
5.07
5.07
5.07
5.07
5.07
5.07
5.07
5.07
5.07
5.07
5.07
4.85
4.85
5.07
5.07
5.53
4.85
5.07
5.07
5.07
4.85
5.07
5.07
4.85
5.53
5.07
5.07
5.07
5.07
5.07
5.07
4.85
5.07
5.07
5.07
5.07
5.07
5.07
5.07
5.53
4.85
5.30
4.85
5.07
5.53
5.07
5.07
5.75
5.07
5.30
5.07
4.85
4.85
5.07
5.07
4.85
5.07
5.07
5.53
5.07
5.07
5.07
5.30
5.07
5.07
5.07
4.85
5.30
4.62
4.85
5.07
4.85
5.07
5.07
5.53
5.07
5.53
5.30
5.30
5.07
5.30
5.07
5.07
5.07
4.85
5.30
5.07
5.30
5.30
5.30
4.85
5.30
5.53
5.07
5.30
5.30
5.30
5.30
5.30
5.07
5.07
4.85
5.30
5.53
5.30
5.07
5.30
5.30
5.07
5.30
5.30
5.30
5.30
5.30
5.30
5.07
5.07
4.62
5.30
5.30
5.75
5.30
5.30
5.53
5.30
5.30
5.30
5.07
5.30
5.30
5.30
5.30
5.53
5.30
5.30
5.30
5.53
5.30
5.53
5.53
5.30
5.30
5.53
5.53
5.30
5.53
5.53
5.30
5.53
5.30
5.30
5.75
5.30
5.30
5.30
5.53
5.30
5.30
5.30
5.53
5.30
5.53
5.53
5.53
5.98
5.53
5.53
5.30
5.53
5.53
5.53
5.75
5.30
5.53
5.53
5.53
5.53
5.53
5.53
5.53
5.53
5.53
5.53
5.98
5.30
5.53
5.30
5.53
5.53
5.53
5.75
5.53
5.75
5.53
5.75
5.53
5.75
5.53
5.53
5.75
5.75
5.75
5.53
5.75
5.98
5.53
5.75
5.53
5.53
5.75
5.75
5.53
5.75
5.53
5.53
5.53
5.53
5.98
5.53
5.75
5.75
5.53
5.53
5.75
5.75
5.53
4.85
5.75
5.75
5.75
5.75
5.75
5.75
5.75
5.75
5.75
5.75
5.75
5.53
5.53
5.75
5.30
5.75
5.75
5.75
5.30
5.53
5.53
5.75
5.75
5.75
5.75
5.53
5.53
5.98
5.75
5.75
5.75
5.75
5.75
5.75
5.75
5.07
5.75
5.75
5.75
5.75
5.75
5.75
5.75
5.75
5.75
5.75
5.98
5.75
5.53
5.53
5.75
5.75
5.75
5.75
5.98
5.53
6.21
5.75
5.75
5.75
5.75
5.75
5.53
5.75
5.30
5.98
5.75
5.75
5.75
5.75
5.98
5.75
5.75
5.75
5.75
5.75
5.98
5.75
5.53
5.75
5.98
5.75
5.75
5.75
5.75
5.98
5.98
5.98
5.98
5.53
5.75
5.98
6.21
5.75
6.21
6.21
5.75
5.98
5.75
5.98
5.53
5.75
5.75
5.75
5.98
5.98
5.75
5.53
5.98
5.75
5.53
6.21
5.98
5.98
5.98
5.75
5.98
5.98
5.98
5.75
5.98
5.98
5.75
5.98
5.98
5.98
5.98
5.75
5.98
5.75
5.98
5.98
5.98
5.98
5.53
5.75
5.98
5.75
5.75
5.98
5.98
5.98
6.44
5.98
5.98
5.98
5.98
5.98
5.98
5.98
5.98
5.98
5.98
5.98
5.98
5.98
5.53
5.75
6.21
5.98
5.98
5.75
5.98
6.21
5.98
5.98
5.98
5.98
5.98
5.98
5.98
6.89
5.98
5.98
5.98
5.98
5.98
6.21
5.98
6.66
5.98
5.98
5.98
5.98
5.98
6.21
5.98
6.21
6.21

6.89
6.66
6.89
6.89
6.89
6.89
6.89
6.89
6.89
6.89
7.12
6.89
7.12
6.66
6.89
7.12
6.89
6.89
6.89
6.89
6.89
7.12
6.89
6.44
6.89
7.12
6.89
6.89
6.89
6.89
6.44
6.89
6.89
6.89
6.89
6.89
7.58
6.89
6.89
7.12
6.89
6.89
7.81
6.89
7.35
6.89
6.89
6.89
6.89
6.89
6.89
6.89
6.89
6.89
6.89
6.89
6.89
6.89
6.66
6.89
6.66
6.66
6.89
6.66
6.66
6.89
6.66
6.66
6.89
6.89
6.89
6.66
6.66
6.66
6.66
6.66
6.66
6.66
6.66
6.89
6.66
6.66
6.89
6.89
6.66
6.89
6.66
6.66
6.44
6.66
6.66
6.89
6.89
6.66
6.89
6.89
6.66
6.66
6.89
6.89
6.66
6.44
6.89
6.66
6.66
6.66
6.66
6.66
6.66
6.89
6.66
8.74
6.89
6.89
6.89
6.66
6.66
6.89
6.66
6.66
6.66
6.89
6.66
6.66
6.66
6.66
6.66
6.66
6.66
6.66
6.66
6.66
6.44
6.66
6.66
6.44
6.66
6.89
6.66
6.66
6.66
6.89
6.66
6.66
6.66
6.44
6.66
6.66
7.12
6.66
6.66
6.21
6.66
6.66
6.66
6.66
6.44
6.44
6.44
6.66
6.66
6.66
6.66
6.66
6.44
6.66
6.66
6.44
6.66
6.44
6.66
6.44
6.66
6.66
6.66
6.66
6.66
6.44
6.66
6.66
6.21
6.44
6.66
6.44
6.44
6.44
6.44
6.44
6.44
6.44
6.66
6.66
6.66
6.44
6.44
6.44
6.44
7.12
6.21
6.44
6.44
6.44
6.44
6.44
6.89
6.44
6.44
6.44
6.44
6.21
6.66
6.44
6.44
5.98
6.44
6.44
6.44
6.44
6.21
6.44
6.89
6.44
6.44
6.44
6.44
6.44
6.44
6.21
6.21
6.21
6.21
6.21
6.21
5.98
6.21
6.66
3.95
6.44
6.21
6.21
6.21
6.21
5.98
6.21
5.30
6.21
6.21
5.98
6.21
6.21
6.21
5.98
6.21
6.21
6.21
6.21
6.21
5.98
6.21
6.21
6.44
5.98
6.21
5.98
5.98
5.98
6.44
5.98
5.75
5.98
6.21
6.44
5.98
5.98
5.98
5.98
5.75
6.21
5.98
5.30
5.75
5.75
5.75
6.21
5.98
5.98
5.75
5.98
5.75
6.44
5.75
5.98
5.75
5.75
5.98
5.98
5.75
5.75
6.21
5.75
5.75
5.75
5.75
5.53
5.75
5.53
5.98
5.75
5.98
5.75
5.75
5.53
5.53
5.98
6.66
5.75
5.98
5.75
5.53
5.75
5.53
5.75
5.75
5.53
5.53
5.53
5.53
5.53
5.53
5.53
5.53
5.75
5.53
5.53
6.21
5.53
5.53
5.53
5.53
5.53
5.53
5.30
5.75
5.30
5.30
3.28
5.53
5.30
5.30
5.30
5.30
5.53
5.30
4.85
5.53
5.53
5.53
5.30
5.53
5.30
5.30
5.98
5.30
5.53
5.53
5.30
5.53
5.30
5.30
4.85
5.30
5.30
5.30
4.62
5.53
5.30
5.30
5.30
5.30
5.30
5.30
5.30
5.30
5.30
5.07
5.75
5.07
5.30
5.30
5.30
5.30
5.30
5.30
5.53
5.30
5.07
5.07
5.30
5.30
5.30
5.30
5.07
5.07
5.75
5.30
5.07
5.30
5.30
5.07
5.07
5.07
5.07
5.30
5.30
5.30
5.30
5.30
4.17
5.07
5.30
5.07
5.07
5.53
5.30
5.07
5.30
5.07
5.07
5.07
5.30
5.07
5.30
5.07
5.07
5.30
5.30
5.07
5.07
5.07
5.07
5.07
5.07
5.07
5.07
5.30
5.07
5.07
5.07
5.07
5.07
5.07
5.30
5.07
5.07
5.07
5.07
5.30
5.30
5.30
5.07
5.53
5.30
4.85
5.07
5.30
5.75
5.07
5.07
5.30
5.07
5.75
5.07
5.30
5.07
5.07
4.85
5.53
5.07
4.85
4.85
5.07
5.07
5.07
5.07
