4.62
4.62
4.62
4.62
4.40
4.62
4.62
4.85
4.40
4.62
4.40
4.62
4.62
4.62
4.62
4.62
4.40
4.40
4.62
4.17
5.07
4.62
4.85
4.62
8.28
4.62
8.28
8.28
8.05
8.51
8.28
8.28
8.28
7.81
8.28
8.05
8.51
8.51
8.51
8.51
8.51
8
8.28
8.28
8.28
8.51
8.28
4.62
8.28
8.28
8.05
8.51
8.28
8.28
8.28
7.81
8.28
8.05
8.51
8.51
8.51
8.51
8.51
8.51
8.51
8.51
8.51
8.05
8.74
8.74
8.51
8.51
8.74
8.74
8.51
8.74
8.74
8.98
8.74
8.51
8.05
8.74
8.51
8.51
8.51
8.28
8.51
8.51
8.51
8.74
8.51
8.51
8.51
8.28
8.51
8.51
8.51
8.51
8.51
8.74
8.51
8.74
8.51
8.28
8.51
8.51
8.51
8.51
8.74
9.21
8.74
8.74
8.51
8.51
8.51
7.81
8.51
8.28
8.51
8.51
8.74
8.74
8.74
8.51
8.98
8.51
8.51
8.74
8.51
8.51
8.51
8.28
8.51
7.81
8.51
8.51
9.21
8.51
8.51
8.51
8.51
8.51
8.51
8.74
8.74
8.51
8.51
8.51
8.51
8.74
8.74
8.51
8.51
8.51
8.74
8.51
8.74
9.44
8.51
8.51
8.51
8.51
8.05
8.74
8.74
8.51
8.28
8.51
8.74
8.74
9.21
8.51
8.51
8.74
8.51
8.74
8.74
8.51
8.51
8.51
8.51
8.51
8.74
8.51
8.98
8.51
8.74
8.51
8.74
8.74
8.51
8.51
8.74
8.51
8.74
8.51
8.51
8.51
8.51
8.51
8.51
8.74
8.51
8.51
8.74
8.51
8.98
8.74
8.51
8.74
8.51
8.51
8.74
8.51
8.74
9.21
8.74
8.74
8.05
8.51
8.51
8.51
8.74
8.74
8.74
8.51
8.98
8.51
8.51
8.74
8.28
8.74
8.51
8.74
8.28
8.51
8.51
8.51
8.51
8.51
9.21
8.74
8.51
8.51
8.51
8.51
8.51
8.74
8.51
8.51
8.74
8.51
8.51
8.74
8.51
8.74
8.74
8.51
8.74
8.51
8.51
8.51
8.51
7.81
8.51
8.51
8.51
8.51
8.51
8.51
8.51
8.74
8.51
8.51
8.28
8.51
8.51
8.51
8.51
8.74
8.51
8.51
8.51
8.51
8.51
8.51
8.51
8.51
8.51
8.51
8.51
8.51
8.51
8.51
8.51
8.05
8.28
8.51
8.51
8.28
8.28
8.28
8.28
8.51
8.28
8.51
8.28
8.51
8.28
8.28
7.81
8.05
8.51
8.28
8.28
8.28
8.28
8.28
8.51
8.51
8.51
8.05
8.51
8.28
8.05
8.05
8.51
7.81
8.28
8.28
8.28
8.28
8.28
8.28
8.05
7.81
7.35
8.05
8.05
8.05
8.05
8.05
7.81
7.81
8.28
8.05
8.05
8.05
8.28
8.05
8.05
7.81
8.05
7.58
7.81
8.05
8.05
7.58
7.81
7.58
7.81
7.58
8.05
7.81
7.81
7.81
7.58
7.81
7.58
7.58
7.81
7.81
7.58
7.58
7.81
7.58
7.58
7.58
7.81
7.58
6.89
7.35
7.58
7.58
7.58
7.35
7.58
7.58
7.81
7.35
7.35
7.35
7.35
7.35
7.35
7.35
7.35
7.35
7.35
7.12
7.35
7.12
7.35
7.12
6.44
7.12
7.12
7.12
7.12
7.81
7.12
7.12
6.66
7.12
7.12
6.89
7.12
6.89
7.12
7.12
7.12
6.89
7.12
6.66
6.89
6.89
6.89
6.89
6.44
6.66
6.66
6.89
6.66
6.66
6.66
6.44
6.66
6.66
6.66
6.66
6.66
6.44
6.89
6.44
6.66
6.44
6.44
6.44
6.44
6.44
6.44
6.44
6.89
6.44
6.44
6.44
6.21
6.44
5.98
6.44
6.44
6.44
6.21
6.21
6.21
6.21
6.21
6.21
6.21
6.21
5.75
6.21
6.21
6.44
6.21
5.98
6.21
5.75
6.21
6.21
6.21
5.98
5.98
5.98
5.98
5.98
5.98
6.44
5.98
5.98
5.98
5.98
5.98
5.98
5.98
5.75
5.98
5.98
5.75
5.75
5.98
5.75
5.98
5.98
5.75
5.75
5.98
5.75
5.98
5.98
5.75
5.53
5.75
6.44
5.75
5.75
5.75
5.53
5.75
5.53
5.53
5.98
5.53
5.53
5.75
5.53
5.53
5.53
5.53
5.30
5.53
5.53
5.07
5.53
5.53
5.75
5.53
5.53
5.53
5.53
5.53
5.30
5.30
5.53
5.53
5.07
5.30
5.30
5.07
5.30
5.30
5.30
5.07
5.30
5.30
5.30
5.30
5.07
5.30
5.07
5.30
5.07
5.07
5.30
5.07
5.07
5.07
5.07
5.07
4.85
5.07
5.07
5.30
5.07
4.85
5.07
5.07
5.07
5.07
5.07
5.07
4.85
5.30
4.85
4.85
5.30
4.85
4.85
4.85
4.85
4.62
5.07
4.85
4.62
4.85
4.85
4.85
4.85
5.30
4.85
4.85
4.85
4.62
4.62
4.40
5.07
4.62
4.62
4.85
4.85
4.85
4.85
4.62
4.62
4.62
4.62
4.85
4.85
4.62
4.62
4.62
4.85
4.40
5.53
4.62
4.85
4.62
4.85
4.62
4.62
4.40
4.62
4.62
4.62
4.17
4.62
4.62
4.85
4.62
4.62
4.62
4.62
4.62
4.62
5.07
4.40
4.62
4.62
4.62
3.95
4.62
4.62
4.62
4.62
4.40
4.62
4.40
4.40
4.62
4.62
4.40
4.40
5.75
4.40
4.62
4.62
4.40
4.62
4.40
4.40
4.40
5.07
4.62
4.85
4.62
4.85
4.40
4.40
4.40
4.62
4.40
5.07
4.40
4.40
4.62
4.40
5.07
4.40
4.62
4.40
4.40
4.62
4.40
4.40
4.62
4.40
4.40
4.40
4.40
4.40
4.62
4.40
3.73
4.40
4.62
4.40
4.40
4.85
4.40
4.40
4.62
4.40
4.40
4.40
4.62
4.40
4.40
4.62
4.40
4.40
4.62
4.40
4.40
4.62
4.40
4.40
4.40
4.40
4.40
4.40
4.40
4.40
