4.40
4.40
4.40
4.40
4.17
4.62
4.40
4.40
4.40
4.40
4.17
4.40
4.17
4.62
4.17
4.40
4.40
4.85
4.40
4.40
4.40
4.40
4.40
4.40
4.40
4.40
4.40
4.40
4.40
4.40
4.40
4.40
4.40
4.40
4.40
4.40
4.40
4.40
4.40
4.40
4.40
4.62
4.40
4.40
4.40
4.17
4.40
4.40
4.40
4.85
4.40
4.40
4.40
4.40
4.40
3.95
4.40
4.40
4.40
4.17
4.62
4.40
4.40
4.62
4.40
4.40
4.40
4.40
4.40
4.62
4.40
4.40
4.40
4.17
4.40
4.40
4.85
4.40
4.17
4.40
4.40
4.40
4.40
4.17
3.95
4.17
4.40
4.62
4.40
4.17
4.62
4.40
4.40
4.40
4.40
4.40
4.40
4.40
4.40
4.62
4.40
4.40
4.62
4.62
4.40
4.40
4.62
4.40
4.40
4.62
4.62
4.62
4.62
4.40
4.40
4.62
4.40
4.40
4.85
4.40
4.62
4.40
4.40
4.62
4.62
4.62
4.62
4.40
4.40
4.62
4.40
4.62
4.85
4.40
4.62
4.40
4.40
4.40
4.40
4.62
4.62
4.62
4.85
4.40
4.62
4.62
4.62
4.62
4.62
4.62
4.17
4.62
4.62
4.62
4.62
4.17
4.62
4.62
4.85
4.62
4.62
4.62
4.62
4.62
4.40
4.40
4.85
4.85
4.62
4.62
4.17
4.62
4.62
4.85
4.62
4.62
4.85
4.62
4.62
5.30
5.07
4.62
5.30
4.85
4.62
4.40
4.85
5.07
3.95
5.07
4.62
4.85
4.85
4.85
4.85
4.62
4.85
4.85
5.07
5.07
4.85
5.07
5.07
4.85
5.07
5.53
5.07
4.85
5.07
5.30
4.40
5.07
5.07
5.07
4.85
4.62
5.07
5.07
5.07
5.07
5.07
5.30
5.07
5.30
5.53
5.53
5.07
5.30
5.30
5.07
5.30
5.07
5.07
5.07
5.30
5.53
5.30
5.30
5.30
5.30
5.30
5.07
5.30
5.30
5.53
5.30
5.30
5.30
5.98
5.07
5.30
5.07
5.53
5.53
4.40
5.53
5.30
5.53
5.30
5.75
5.53
5.53
5.53
5.53
5.53
5.53
5.53
5.53
5.53
5.75
5.53
5.53
5.98
5.75
5.53
6.44
5.75
5.75
5.75
5.30
5.75
5.75
6.21
5.75
5.75
5.98
5.75
5.75
5.75
5.98
5.98
5.98
5.98
5.75
5.98
6.21
5.98
5.75
6.21
5.98
6.21
6.21
6.21
6.21
7.12
6.66
6.21
6.21
6.21
6.21
6.21
6.44
6.66
6.21
6.44
6.21
6.44
6.44
6.44
6.44
6.21
6.44
6.44
6.44
6.66
6.44
6.44
6.44
6.66
6.66
6.44
6.66
6.44
6.44
6.21
6.66
7.12
6.66
6.89
6.66
6.89
6.89
6.66
6.66
6.89
6.89
7.12
6.89
6.89
6.44
6.66
6.89
6.89
6.89
6.89
7.35
6.89
7.12
6.89
7.12
7.35
7.12
7.12
7.12
7.12
6.89
7.12
6.66
7.12
7.35
7.35
7.58
7.35
7.12
7.12
7.58
7.35
7.35
7.35
7.58
7.35
7.12
7.35
7.58
7.58
7.81
7.35
7.58
7.58
8.05
7.58
7.58
7.58
7.58
7.81
7.58
7.58
8.05
7.81
7.58
7.58
7.81
7.58
7.81
7.81
7.81
7.81
8.05
7.81
7.81
8.05
8.05
7.81
8.28
7.81
8.05
8.05
8.05
8.05
8.05
8.05
8.05
7.81
8.05
8.28
8.05
7.81
8.05
7.58
6.66
8.28
8.28
8.51
8.28
8.98
8.05
8.28
8.28
8.51
8.51
8.05
8.51
8.28
8.51
8.05
8.51
8.51
8.51
8.74
8.51
8.74
8.28
8.51
8.51
8.51
8.74
8.74
8.51
7.81
8.74
8.74
8.74
8.98
8.74
8.74
8.74
8.98
8.51
8.98
8.98
8.74
8.74
8.98
8.74
8.74
9.21
8.74
8.98
8.98
8.98
8.98
8.98
9.21
8.98
9.21
8.98
8.98
9.21
9.44
8.98
9.44
8.98
8.98
9.21
9.21
9.21
9.21
9.21
9.21
9.21
9.21
9.21
8.98
9.21
9.21
9.21
9.21
9.44
9.21
9.44
9.44
9.21
9.44
9.44
7.81
9.44
9.44
9.68
9.44
9.44
9.44
9.44
9.44
9.44
9.21
9.68
9.68
9.44
9.44
9.68
9.68
9.44
9.68
9.68
9.68
9.91
9.68
9.68
9.68
9.68
9.44
10.39
9.44
9.91
9.68
9.68
9.91
9.68
9.91
9.44
9.68
9.91
9.91
9.91
9.91
9.91
9.91
9.91
9.91
9.91
9.91
10.86
9.91
10.15
9.91
9.91
9.91
10.15
10.15
10.15
10.15
9.91
10.15
10.15
10.15
9.91
10.15
9.91
9.68
10.15
10.15
10.15
10.15
10.15
10.15
10.15
10.15
10.15
10.15
10.39
10.15
10.15
10.15
10.39
10.15
10.39
10.15
10.39
10.15
10.15
10.62
10.39
10.39
10.39
10.62
10.39
10.39
10.39
10.39
10.39
10.39
10.62
10.39
10.39
10.15
10.39
10.39
10.39
10.62
10.39
10.39
10.86
10.39
10.15
10.15
10.39
10.62
10.39
10.62
10.86
10.62
11.10
10.62
10.62
10.39
10.39
10.62
10.62
10.39
10.62
10.62
10.62
10.62
10.62
10.62
10.62
10.62
10.62
10.62
10.86
10.62
10.39
10.62
10.62
10.62
10.86
10.62
10.62
10.62
10.62
10.62
10.62
10.62
10.62
10.62
10.62
10.62
10.62
10.62
10.62
10.86
10.62
10.62
11.10
10.86
10.86
10.62
11.34
10.62
10.86
10.86
10.62
10.62
10.86
10.39
10.86
10.86
10.62
10.86
10.62
10.86
10.86
10.86
10.86
10.86
10.62
10.86
10.86
10.86
10.86
10.86
10.86
10.86
10.62
10.86
10.86
10.39
10.86
10.86
10.86
10.86
10.39
10.86
10.86
10.86
10.86
10.86
11.10
10.86
10.86
10.86
11.34
10.86
10.86
11.10
10.86
10.86
10.86
10.62
10.62
10.86
10.86
10.86
10.86
10.86
10.86
10.86
10.86
10.86
10.15
10.86
11.10
10.86
11.57
10.86
10.86
10.86
11.10
11.10
10.86
10.62
10.86
10.86
10.86
11.10
10.86
10.86
10.86
10.86
10.86
10.86
11.57
11.10
10.86
10.86
10.86
10.62
10.86
10.86
10.86
10.86
10.39
10.62
10.86
10.86
10.86
11.10
11.10
11.10
11.10
11.10
10.86
10.86
10.86
10.86
10.86
10.86
11.34
11.10
10.86
10.86
11.10
10.86
11.10
10.62
11.10
11.10
10.86
10.62
10.86
10.86
10.86
10.86
11.10
11.10
13.02
10.86
11.10
10.86
10.86
10.86
10.86
10.86
10.86
10.86
10.86
11.10
10.86
10.86
11.10
10.39
10.86
11.10
10.86
11.10
11.10
11.10
11.10
11.34
10.86
10.86
10.39
11.10
11.10
11.10
11.10
11.10
10.86
11.34
11.34
10.62
11.10
10.86
11.10
10.86
10.86
10.86
11.34
11.10
10.62
11.10
11.10
11.10
10.86
11.10
10.86
11.10
11.10
10.86
11.10
10.86
11.10
10.86
10.86
11.34
10.15
11.10
10.86
10.86
11.10
11.10
10.86
11.34
11.10
11.10
11.34

11.34
11.57
11.34
11.57
11.34
11.34
11.34
11.34
9.91
11.57
11.10
11.57
11.34
11.34
11.34
11.34
11.10
11.34
11.34
11.34
11.34
11.34
11.34
11.10
11.34
11.34
11.10
11.57
11.34
11.34
11.34
11.57
11.57
11.34
11.34
11.34
11.34
11.57
11.34
11.34
11.34
11.57
11.34
11.10
11.34
11.81
11.34
11.81
11.34
11.34
11.34
11.34
11.34
11.34
11.57
11.34
11.34
11.10
11.34
11.34
11.10
11.34
11.34
11.34
11.34
12.05
11.57
11.34
11.34
11.34
11.34
11.34
11.34
11.34
11.57
11.57
11.57
11.34
11.34
11.34
10.86
11.34
11.34
12.05
11.34
11.34
11.34
10.86
11.34
11.57
11.10
13.02
11.34
11.34
11.57
11.34
11.34
11.34
11.34
11.57
11.34
11.34
11.81
11.34
11.57
11.34
11.34
11.57
11.57
11.57
11.57
11.57
11.57
11.57
11.57
11.57
11.57
11.57
11.34
11.57
11.34
11.57
11.57
11.34
10.86
11.10
11.34
11.57
11.57
11.57
11.81
11.34
11.57
11.10
10.86
12.53
11.81
11.57
11.34
11.57
11.57
11.57
12.29
11.57
11.57
11.57
11.81
11.57
11.57
11.34
11.57
11.57
11.57
11.81
11.81
11.57
11.57
11.57
11.57
11.57
11.57
11.57
11.81
11.57
11.34
11.81
11.57
11.57
11.57
11.57
11.57
11.57
11.57
11.57
11.57
12.05
11.57
12.05
11.57
11.57
11.34
11.57
11.81
11.57
11.57
11.57
10.86
11.57
10.86
11.57
12.05
11.81
11.57
11.57
11.57
11.57
11.57
11.57
11.34
11.81
11.81
12.29
11.34
11.57
11.57
11.81
11.57
11.57
9.44
11.81
11.81
11.57
11.57
11.57
11.57
11.57
11.57
11.57
11.57
11.34
11.57
11.57
11.57
11.57
11.57
11.57
11.81
11.57
11.34
11.57
11.57
11.57
11.57
11.57
11.34
11.57
11.57
11.34
11.81
11.57
11.57
11.57
11.34
11.57
11.34
11.57
11.57
11.57
11.57
11.57
11.34
11.34
11.57
11.34
11.57
11.34
11.57
11.57
11.57
11.81
11.57
10.62
11.34
9.44
11.34
11.34
11.34
11.10
11.34
11.34
11.10
11.34
11.34
11.34
11.34
11.34
11.34
9.91
11.10
11.10
11.57
11.34
11.10
11.34
11.57
11.34
11.34
11.34
11.57
11.34
11.34
11.57
11.34
11.34
11.34
12.77
11.34
11.10
11.34
11.10
11.34
11.10
11.10
11.10
11.34
11.10
11.34
11.10
11.10
11.10
11.34
11.10
11.10
10.86
11.10
11.10
10.86
11.10
10.86
10.86
11.10
10.86
10.86
10.86
11.10
10.86
11.10
10.86
11.10
10.86
10.86
11.81
10.39
10.86
10.86
10.62
10.86
10.86
10.86
11.10
10.86
10.86
10.86
10.86
10.62
10.62
10.62
10.62
10.86
10.15
10.62
10.39
10.86
10.62
10.39
10.62
10.62
10.39
10.62
10.39
10.62
10.62
10.86
10.39
10.62
10.62
10.39
10.39
10.39
10.15
10.39
10.39
10.39
10.39
10.39
10.39
10.39
10.15
10.39
10.62
10.39
10.39
10.15
10.39
10.39
10.15
10.15
10.39
9.91
9.91
9.91
10.15
9.91
9.68
9.91
10.15
9.91
9.91
9.91
8.51
9.68
9.91
10.39
9.91
10.39
9.91
9.68
9.91
9.68
9.91
9.68
9.91
9.68
9.91
9.68
9.44
9.68
9.91
9.68
9.68
9.68
9.44
9.68
10.39
9.44
9.44
9.44
9.44
9.44
8.98
9.44
8.98
9.44
8.74
9.21
9.21
9.44
9.21
9.44
8.98
10.15
9.21
9.91
9.21
9.21
9.44
9.21
7.81
8.98
8.98
9.44
9.21
8.98
8.98
8.98
8.98
9.21
8.74
8.98
8.98
8.98
8.74
8.98
8.51
8.98
8.74
8.74
8.74
8.74
8.74
8.74
8.98
8.51
8.51
8.51
8.74
8.51
8.51
8.98
8.28
8.51
8.28
8.51
8.51
8.51
8.51
8.28
8.28
7.81
8.28
8.05
8.28
8.28
8.05
8.28
7.81
8.28
8.05
8.05
8.05
8.28
8.05
8.05
8.51
8.05
7.58
8.51
8.28
8.05
8.05
8.05
7.81
8.05
7.81
7.81
7.81
8.05
7.81
7.81
8.05
7.81
7.58
7.81
7.58
7.58
7.58
7.81
8.05
7.58
7.58
7.58
7.58
7.81
7.58
7.58
7.81
7.58
7.35
7.58
7.35
7.35
7.35
7.35
6.89
7.35
7.35
7.35
7.12
7.12
7.12
7.12
7.58
7.12
7.81
7.12
7.12
7.12
6.89
7.12
7.12
7.12
6.89
6.89
6.89
6.89
6.66
6.66
6.89
6.66
6.89
7.12
6.66
6.66
7.12
6.21
6.89
6.89
6.66
6.66
6.44
6.66
6.44
6.66
6.44
6.44
6.44
6.44
6.66
7.12
6.21
6.44
5.75
6.21
6.44
6.21
6.21
6.66
6.21
6.21
6.21
6.21
5.98
6.21
5.98
5.98
6.21
6.21
5.98
5.98
6.21
5.98
5.98
5.98
5.75
5.98
5.98
5.98
5.98
5.98
5.98
6.21
5.75
5.98
5.75
5.75
5.75
5.98
5.75
4.85
5.98
5.75
5.75
5.53
5.75
5.75
5.75
5.75
5.53
5.75
5.75
5.98
5.98
5.30
5.53
5.53
5.75
5.53
5.53
5.53
5.53
5.53
5.53
5.53
5.53
5.53
5.53
5.30
5.53
5.30
5.53
6.44
5.53
5.30
5.75
5.53
4.62
5.53
5.30
5.30
5.53
5.30
5.30
5.30
5.30
5.07
5.30
5.30
5.30
5.30
5.30
5.30
5.53
5.30
5.30
5.30
5.30
4.40
5.07
5.07
4.62
5.07
5.07
5.07
5.07
5.07
4.85
5.07
5.30
4.85
4.85
5.07
4.85
4.62
5.07
4.85
4.85
5.07
4.17
4.85
5.07
4.85
4.85
4.85
5.75
4.85
4.85
4.85
4.85
4.85
4.85
4.85
4.85
4.85
4.62
4.85
4.85
4.85
4.85
4.85
4.85
4.85
4.85
4.85
4.85
4.17
4.62
4.62
4.62
4.85
4.62
5.07
4.85
4.85
4.85
4.62
3.28
4.62
4.62
4.62
4.62
3.95
4.62
4.62
4.62
4.62
4.62
4.85
4.62
4.40
4.62
4.62
4.62
4.62
4.62
4.40
4.40
4.85
4.62
3.95
4.62
4.62
4.62
4.85
4.62
4.62
4.62
4.62
4.40
4.40
4.62
5.07
4.62
4.62
4.62
4.40
4.62
4.62
4.40
4.62
4.62
4.62
4.85
4.40
4.40
4.40
4.62
4.40
4.40
5.07
4.62
4.40
4.62
4.40
4.40
4.62
4.62
4.40
4.62
4.40
4.40
4.40
4.85
4.40
4.40
4.62
4.40
4.40
4.40
4.40
4.62
4.40
4.62
1.30
4.40
4.40
4.40
4.40
4.62
4.40
4.40
4.62
4.40
4.40
4.40
4.40
4.17
4.40
4.40
4.40
4.40
4.40
4.40
4.40
4.85
4.40
4.40
4.40
4.40
4.40
4.17
4.40
4.40
4.40
4.40
4.85
4.40
4.62
4.40
4.40
3.95
4.40
4.40
4.17
4.40
4.40
4.40
4.40
4.62
4.40
4.40
4.40
4.40
4.40
4.40
4.40
4.62
4.40
4.40
4.62
4.40
4.40
4.40
4.40
4.40
4.40
4.40
4.40
4.40
6.66
4.40
