10.62
10.62
10.62
10.62
10.15
10.62
10.62
10.62
10.39
10.62
10.86
10.39
10.62
10.86
10.62
11.81
10.62
10.62
10.62
10.62
10.86
10.86
11.10
10.86
10.86
10.62
10.62
10.86
10.86
10.86
10.62
10.86
10.86
11.10
10.86
10.62
10.62
10.86
10.86
10.86
10.62
10.62
10.86
10.86
10.86
10.86
10.86
10.86
10.62
10.86
10.62
10.62
10.86
10.62
10.86
10.62
10.62
10.62
10.62
10.86
10.62
10.86
10.86
10.15
10.62
10.62

10.62
10.62
10.86
10.62
10.86
10.62
10.62
10.86
10.86
10.62
10.86
10.86
11.10
10.62
10.86
10.86
10.86
10.62
10.86
10.86
10.62
10.62
10.86
10.86
10.62
10.86
10.62
7.12
10.62
10.62
10.62
10.86
10.62
10.62
10.62
10.86
10.39
10.62
10.62
10.62
10.39
10.62
10.39
10.62
10.39
10.86
10.39
10.62
10.39
10.62
10.15
10.39
10.86
10.39
10.39
10.39
10.15
10.15
10.15
10.15
10.15
10.15
10.15
10.15
10.15
9.91
9.91
9.91
9.91
9.91
9.91
9.91
9.91
9.91
9.91
9.91
