10.39
10.62
10.62
10.62
10.62
10.15
10.39
10.15
10.62
10.39
10.62
10.62
10.62
10.86
10.62
10.62
10.62
10.62
10.62
10.62
10.62
10.62
10.62
11.10
10.62
10.62
10.62
10.62
10.86
10.62
10.39
10.62
10.62
10.62
10.62
10.86
10.62
10.62
10.39
10.62
10.86
10.62
10.86
10.62

10.86
10.86
10.86
10.86
11.10
10.86
10.86
10.86
10.86
10.86
11.10
10.86
10.86
10.86
10.86
10.86
10.86
10.86
10.62
10.86
10.86
10.86
10.86
10.62
10.86
10.86
10.86
10.86
10.62
10.62
11.10
10.86
10.62
10.86
10.62
10.86
10.62
10.39
10.62
10.39
10.62
10.62
10.39
10.62
10.39
10.39
10.62
10.39
10.39
10.39
10.39
10.15
