9.91
9.91
9.91
9.91
9.91
9.91
10.15
9.91
9.68
9.91
9.91
9.91
10.15
10.15
10.15
10.15
10.15
10.62
10.15
10.15
10.39
10.15
10.15
10.39
10.15
10.39
10.15
10.15
10.62
10.39
10.39
10.39
10.39
10.39
10.39
10.39
10.62
10.39
10.39
10.62
10.62
10.39
10.62
10.86
10.39
10.62
10.62
10.39
10.86
10.62
10.62
10.62
10.15
10.62
10.39
10.62
10.62
10.62
10.86
10.62
10.62
10.39
10.62
10.62
10.39
10.62
10.62
10.62
10.62
10.62
10.62
10.62
10.39
10.62
10.62
10.62
9.68
10.86
10.62
10.62
10.62
10.62
10.62
11.34
10.62
10.62
10.62
10.62
10.62
10.62
11.10
10.62
10.62
10.62
10.62
10.62
10.62
10.62
10.62
10.86
10.39
10.62
10.62
10.39
10.62
10.62
10.62
10.39
10.39

10.86
10.86
10.86
10.86
10.86
10.86
10.39
10.62
10.86
10.86
10.86
10.86
10.86
10.86
10.86
10.86
10.86
10.86
10.62
10.86
10.62
10.86
10.62
10.86
10.86
10.86
11.10
10.86
10.86
10.86
10.86
10.86
10.86
10.62
10.62
10.62
10.62
9.68
10.86
10.62
10.62
10.62
10.62
10.62
10.62
10.86
10.62
10.62
10.62
10.62
11.10
10.86
10.62
10.39
10.39
10.62
10.39
10.39
10.62
10.15
10.39
10.15
10.15
10.15
10.39
10.15
10.15
9.91
10.15
10.15
10.15
10.15
10.15
10.15
10.15
9.91
9.91
9.68
9.91
9.91
9.68
9.68
9.68
9.68
9.68
9.68
9.68
9.44
9.68
9.68
9.44
9.44
9.44
9.21
9.44
9.21
9.21
9.21
9.21
9.21
9.44
8.74
8.98
9.21
8.98
9.21
8.98
9.21
8.98
8.98
8.98
8.98
8.98
8.98
8.98
8.98
8.98
8.98
