8.98
8.98
9.21
8.74
9.21
8.98
9.21
9.44
9.21
9.21
8.98
8.98
8.74
9.21
9.21
9.44
9.21
9.21
9.21
9.21
8.98
8.05
9.44
8.74
9.44
9.44
9.44
9.44
9.21
9.44
9.21
9.68
9.44
9.68
9.44
9.68
9.68
9.68
9.68
9.68
9.68
9.91
9.68
9.91
9.68
9.91
9.91
10.15
9.91
9.91
9.91
9.91
9.91
9.91
10.15
9.91
10.15
10.15
10.15
10.15
10.15
10.39
10.15
10.15
10.39
10.15
10.62
10.15
10.15
10.15
10.39
10.39
10.39
10.39
10.39
10.39
11.10
10.62
10.62
10.62
10.39
10.62
10.15
10.39
10.86
10.86
10.62
10.86
10.62
10.62
10.86
10.62
11.34
10.86
10.86
10.39
10.62
10.86
10.86
10.39
10.86
11.10
11.34
10.62
10.86
10.86
10.86
10.86
10.62
10.86
10.86
10.86
10.86
10.62
10.86
10.86
10.86
10.86
10.86
10.86
10.86
10.86
10.86
10.86
10.86
10.86
10.86
10.86
11.34
10.86
10.86
11.10
10.39
11.10
11.10
10.86
10.86
11.34
10.86
11.10
10.86
11.10
11.10
11.10
10.86
11.10
11.10
11.10
10.86
11.10
11.10

11.57
11.57
11.10
11.81
11.81
11.81
11.57
11.81
11.57
11.81
11.57
11.81
11.34
11.57
10.39
11.57
11.57
11.81
11.57
11.57
11.57
11.57
11.57
11.81
11.57
11.34
11.57
11.57
11.10
11.57
11.57
11.57
11.57
11.57
11.57
11.57
11.57
11.57
11.57
11.57
11.57
11.57
11.34
11.34
11.34
11.57
11.34
11.81
11.34
11.34
11.34
11.34
11.34
11.34
11.57
11.34
11.34
11.10
11.10
11.10
11.10
11.10
11.10
10.86
11.10
11.10
11.10
11.34
11.10
10.39
10.86
10.86
10.86
10.86
10.86
10.86
10.62
10.86
11.10
10.62
11.10
10.39
10.62
10.15
10.62
10.39
10.39
10.39
10.39
10.15
10.15
10.39
10.15
10.15
10.15
9.91
10.15
10.15
9.91
9.91
9.91
9.91
10.86
9.91
9.91
9.68
9.91
9.68
9.68
9.68
9.68
9.44
9.44
9.44
8.51
9.44
9.44
9.44
9.21
8.98
8.98
8.98
8.98
8.98
8.98
9.21
9.21
8.98
8.98
8.98
8.74
8.74
8.98
8.74
8.74
8.74
8.51
8.51
8.98
8.51
8.28
8.28
8.74
8.51
8.28
8.28
8.05
8.28
8.51
8.28
8.28
8.28
8.28
8.05
7.81
8.28
8.28
8.28
8.28
8.28
