9.44
9.44
9.44
9.44
7.12
10.86
9.68
9.68
9.44
9.44
9.44
9.68
9.44
9.68
9.68
9.68
9.68
9.91
9.68
9.68
9.68
9.44
9.68
9.68
9.68
9.68
9.68
9.91
9.91
9.91
9.91
9.91
9.91
9.91
10.15
9.91
10.15
10.15
9.91
9.91
9.91
10.15
10.15
10.15
9.91
10.15
10.15
10.15
10.15
10.15
10.39
10.39
10.62
10.39
10.39
10.39
10.15
10.15
10.39
10.39
10.39
10.39
10.39
10.39
10.39
9.44
10.62
10.39
10.62
10.39
10.62
10.39
10.62
10.62
10.62
10.62
10.39
10.15
10.62
10.62
10.39
10.62
10.62
10.62
10.62
10.39
11.10
10.62
10.62
10.62
10.62
10.86
10.62
10.62
10.62
10.62
10.62
10.62
10.62
10.62
10.86
10.62
10.62
10.62
10.62
10.62
10.62
10.62
10.86
10.62
10.39
10.86
10.15
10.39
10.62
10.62
10.62
10.62
10.15
10.39
10.62
10.62
10.62
10.62
10.62
10.62
10.39
10.62
10.62

11.57
11.10
11.10
11.10
11.10
11.10
11.10
11.34
11.10
11.10
11.10
11.10
12.29
10.86
11.10
11.10
11.10
11.10
11.10
11.10
11.10
11.10
11.10
11.34
10.86
11.10
11.10
10.86
10.39
11.10
11.10
10.86
11.10
10.62
10.86
10.86
11.10
10.86
11.10
10.86
10.86
10.86
10.86
11.10
10.62
11.34
10.86
10.86
10.86
10.86
10.86
10.86
10.86
10.15
10.62
10.62
11.10
10.62
10.62
10.62
10.39
10.62
10.62
10.86
10.62
10.39
10.39
10.39
10.39
10.62
10.39
10.62
10.39
10.15
10.39
8.98
10.15
10.15
10.39
9.68
10.15
9.91
9.91
9.91
9.91
9.91
9.91
9.91
9.68
10.15
9.68
9.68
9.68
10.15
9.68
9.21
9.68
9.44
9.44
9.44
9.44
9.44
9.44
9.44
9.21
9.21
9.21
9.21
9.44
9.21
8.98
8.98
8.98
8.98
8.98
8.98
8.51
8.98
8.51
8.74
8.74
8.74
8.28
8.74
8.28
8.74
8.74
8.51
8.74
8.51
8.51
8.51
8.28
8.51
8.51
8.51
8.51
