8.28
8.05
8.51
8.28
8.28
8.51
8.51
8.05
8.05
8.51
8.51
8.28
8.51
8.51
8.28
8.51
8.51
8.28
8.51
8.51
8.51
8.51
8.51
8.74
8.74
8.74
8.74
8.51
8.74
9.21
8.74
8.74
8.74
8.74
8.74
8.98
8.98
8.98
9.21
8.98
8.98
9.21
9.21
9.21
9.21
9.21
9.44
9.44
9.44
9.68
9.44
9.21
9.44
9.44
8.98
9.44
9.68
10.15
9.44
9.68
9.68
9.68
9.91
9.68
9.44
9.44
9.91
9.68
9.91
9.91
9.91
9.91
9.91
9.91
10.15
10.15
10.15
10.15
10.86
10.39
10.39
10.39
10.39
10.15
10.39
10.39
10.39
9.91
10.39
10.62
10.62
10.39
10.62
10.62
10.62
10.62
10.62
10.62
11.10
10.86
10.86
11.10
10.86
10.86
10.86
10.62
11.34
11.10
11.10
10.39
11.10
11.10
11.10
11.34
11.34
11.34
10.86
11.10
11.34
11.34
11.34
11.34
11.57
11.57
11.34
11.57
11.34
11.34
11.57
11.57
11.57
11.57
11.57
11.10
11.81
11.34
11.57
11.81
11.57
11.81
11.57
11.81
11.81
12.05
11.81
11.81
12.05
12.05
11.81
11.81
11.81
11.81
12.05
7.35
12.05
12.05
11.57
12.05
12.05
12.05
12.05
12.29
12.29
12.05
12.05
12.29
12.05
11.81
12.05
12.05
12.29
12.05
12.05
12.29
12.29
12.29
12.29
12.29
12.29
12.05
12.29
12.29
12.29
12.29
12.29
12.29
12.29
12.29
12.29
12.29
12.29
12.29
12.53

13.02
13.26
13.02
13.26
13.02
13.26
13.26
12.77
13.02
13.26
13.26
13.02
13.26
13.26
12.77
13.26
13.02
13.26
12.53
13.02
13.26
13.02
13.26
13.02
13.02
13.26
13.26
13.26
13.02
12.77
13.02
13.26
13.02
12.77
13.26
13.02
13.26
13.02
13.02
13.02
13.50
13.02
13.02
13.02
13.26
13.02
12.53
13.02
12.77
13.02
12.77
12.77
13.02
12.77
12.77
13.02
12.77
12.77
13.26
12.77
12.77
12.77
13.26
12.77
12.53
12.53
11.81
12.53
12.53
12.53
12.53
12.53
12.53
12.77
12.29
12.29
12.29
12.29
12.05
12.05
12.29
12.05
12.29
12.05
12.05
11.81
11.81
11.81
11.81
11.81
11.57
12.05
11.57
11.81
11.81
12.77
11.57
11.57
11.57
11.10
11.34
11.34
11.34
11.34
11.10
11.34
10.86
11.10
11.10
11.10
11.10
10.86
10.86
10.86
10.86
10.86
10.86
10.39
10.62
10.62
10.62
10.86
10.62
10.39
10.39
10.15
10.39
10.15
10.15
10.15
10.15
10.15
10.15
10.15
9.91
9.91
9.91
9.68
9.91
9.44
9.91
9.68
9.68
8.74
9.44
9.44
9.44
9.44
9.21
9.21
9.21
10.39
9.21
8.98
8.74
8.74
8.98
8.98
8.74
8.74
8.74
8.74
8.28
8.51
8.51
8.51
8.28
8.51
8.28
8.28
8.51
7.81
7.81
8.28
8.28
8.05
8.05
8.05
8.28
8.05
8.05
7.81
8.05
8.05
8.05
8.05
7.81
7.81
7.58
7.81
8.28
7.81
7.81
7.58
7.81
7.81
7.58
7.81
7.58
7.81
7.58
7.35
