6.89
7.81
7.58
7.35
7.58
7.35
7.35
7.58
7.58
7.58
8.28
7.35
7.81
7.58
7.58
7.58
7.35
7.58
7.35
7.81
7.58
7.58
7.58
7.58
7.81
7.58
7.81
7.81
7.81
7.81
7.81
7.58
7.81
7.81
8.05
8.05
7.81
7.81
8.05
8.05
8.05
8.05
8.05
8.05
8.05
8.28
8.28
8.05
8.28
8.51
8.05
8.28
8.28
8.28
8.51
8.51
8.51
8.51
8.74
8.74
8.74
8.74
8.74
8.51
8.74
8.98
8.74
8.98
9.21
8.98
9.21
9.21
9.21
8.98
9.21
9.44
9.44
9.68
9.68
9.44
9.44
9.44
9.68
9.68
9.68
9.91
9.68
9.91
9.91
9.91
9.91
9.91
9.91
10.15
10.15
10.15
10.39
10.15
10.39
10.39
10.39
10.62
10.62
10.86
10.62
10.62
10.62
10.62
10.86
10.86
12.05
10.86
10.86
10.86
11.10
11.10
11.10
11.10
11.10
11.34
11.34
11.10
11.34
11.34
11.57
11.10
11.57
11.57
11.57
12.29
11.81
11.57
11.57
11.81
11.81
12.05
12.05
12.29
12.05
12.05
12.29
12.29
12.29
12.29
12.29
12.29
12.29
12.53
12.53
12.53
12.53
12.53
12.53
13.02
12.77
12.77
12.77
12.77
12.77
12.77
13.50
13.02
13.26
13.26
13.02
13.02
13.26
13.02
13.26
13.26
13.26
13.26
13.26
11.57
13.50
13.50
13.50
13.50
13.50
13.74
11.57
13.74
13.74
13.50
13.26
13.74
13.74
13.74
13.99
13.74
13.99
14.48
13.99
14.48
14.23
13.50
14.23
14.23
13.99
14.23
13.99
14.23
13.74
14.23
14.48
14.23
14.48
14.23
14.48
12.77
14.48
14.48
14.48
14.72
14.48
14.48
14.23
14.72
14.72
14.72
14.48
13.50
14.72
14.72
14.23
15.46
14.72
14.97
14.23
14.72
14.48
14.97
14.72
14.72
14.97
14.97
14.97
14.97
14.97
14.97
14.72
14.97
14.97
14.97
14.72
14.97
14.97
14.97
14.97
14.97
14.97
15.21
15.21
15.21
15.21
15.21
15.21
14.72
15.46
15.21
15.21
18.46
15.21
15.21
15.46
15.21
15.46
15.46
15.21
15.21
15.21
15.46
15.21
15.46
15.46
15.71
15.46

16.70
16.45
16.45
16.45
16.45
16.45
16.45
16.45
16.45
16.45
16.70
16.45
16.45
16.70
16.20
16.45
16.45
16.45
16.45
16.45
15.96
16.45
16.45
16.45
17.20
16.45
16.45
16.45
16.95
16.45
16.45
16.45
16.70
16.45
16.45
16.45
16.45
16.70
16.45
16.45
16.70
16.70
16.45
15.46
16.45
16.45
16.20
16.70
16.20
16.45
16.45
16.45
16.70
16.45
16.45
16.45
16.45
16.20
16.45
16.45
16.45
16.45
16.45
16.45
16.45
16.20
16.20
16.45
16.70
16.20
16.20
16.20
15.96
16.20
16.20
15.96
16.20
15.96
15.96
16.45
15.96
15.96
15.96
15.96
15.71
15.96
15.71
15.71
15.96
15.71
15.71
15.46
15.71
15.71
15.96
15.46
15.46
15.46
15.46
15.21
15.21
14.97
15.71
15.21
15.21
14.97
14.97
15.21
14.97
14.97
14.97
14.97
15.21
14.97
14.72
14.72
14.72
14.72
14.72
14.72
14.48
14.23
14.23
14.97
15.21
14.23
14.23
14.23
14.23
14.23
13.99
13.99
13.99
13.74
14.97
13.74
13.74
13.74
13.74
13.50
13.50
13.50
13.50
13.50
13.26
10.15
13.26
13.02
13.02
13.02
13.26
13.02
13.26
12.77
12.77
12.77
12.77
12.53
12.53
12.53
12.29
12.53
12.53
12.53
12.29
12.29
12.05
11.57
12.05
12.05
11.81
11.34
11.81
11.81
11.57
11.81
11.57
11.57
11.81
11.34
11.34
11.34
11.34
11.34
11.10
11.10
11.10
11.10
11.10
10.86
10.86
10.86
10.62
11.34
10.62
10.62
10.62
10.39
10.39
10.39
10.39
10.15
10.15
10.15
10.15
10.15
9.91
9.91
9.91
9.91
10.62
9.91
9.91
9.68
9.44
9.44
9.68
9.44
9.68
9.21
9.21
9.44
9.21
9.44
8.98
8.98
8.51
8.98
8.98
8.74
8.74
8.98
8.98
8.51
8.28
8.51
8.51
8.51
8.28
8.74
8.28
8.51
8.28
8.28
8.28
8.05
8.05
8.05
8.28
8.05
8.05
8.05
7.81
8.05
7.81
7.58
7.81
7.81
7.58
7.81
7.81
7.81
7.58
8.05
7.58
7.35
7.58
7.58
7.58
7.35
7.58
7.81
6.89
7.35
7.35
7.35
7.35
7.58
7.35
7.35
7.35
7.58
7.35
7.35
7.35
7.35
