7.58
7.58
7.58
7.81
7.81
7.81
7.35
7.58
7.58
7.58
7.12
7.58
7.81
7.81
7.58
7.58
7.81
7.58
7.58
7.58
7.58
7.58
7.58
7.58
7.81
7.81
8.05
7.81
7.58
8.05
7.81
7.58
7.58
7.81
7.81
7.81
7.81
8.05
8.05
8.05
7.81
8.05
8.05
8.05
8.05
8.74
8.05
8.05
8.28
8.05
8.05
8.28
8.51
7.58
8.28
8.51
8.28
8.28
8.51
8.51
8.28
9.68
8.51
8.28
8.74
8.51
8.74
8.74
8.98
8.74
8.98
8.98
8.98
8.98
9.44
9.68
8.98
9.68
9.21
9.21
9.44
9.21
8.98
9.44
9.68
9.44
9.44
9.68
9.68
9.68
9.68
9.91
9.68
9.68
9.91
9.91
10.15
10.15
10.15
10.39
10.39
10.15
10.39
10.39
10.39
10.62
10.39
10.86
10.62
10.62
11.10
10.39
10.86
10.86
10.86
11.10
11.10
11.10
10.86
11.34
11.34
11.34
11.57
11.34
11.57
11.57
11.57
11.81
12.05
11.81
11.81
11.81
12.29
12.05
12.05
12.05
12.29
12.29
12.53
11.81
12.53
12.53
12.53
12.53
12.53
12.53
12.77
12.77
12.77
13.02
14.23
12.77
13.26
13.02
12.77
13.26
13.26
13.26
13.26
13.50
13.50
13.26
13.50
13.50
13.74
13.74
13.99
13.74
13.99
13.99
14.23
13.99
14.48
14.23
14.23
14.23
14.48
14.48
14.48
14.48
14.48
14.72
14.72
14.97
14.72
14.72
14.72
14.97
14.97
14.97
15.21
14.72
15.21
15.21
15.71
15.21
15.46
15.46
14.97
15.46
15.46
15.71
15.46
15.46
15.71
15.71
15.71
15.96
15.96
15.96
15.96
15.96
15.96
15.96
16.20
16.20
15.71
15.96
16.45
16.45
16.20
16.45
16.45
15.96
16.45
16.70
16.70
16.45
16.95
16.70
16.70
17.20
16.70
16.95
16.95
17.20
17.20
16.95
16.70
17.20
17.20
17.20
16.70
17.20
17.20
17.45
17.20
17.45
17.45
17.45
17.45
17.70
17.45
17.45
17.45
17.70
17.70
17.70
17.70
17.70
17.70
17.96
17.96
18.21
17.96
17.96
17.96
17.96
17.70
18.21
18.21
18.21
18.21
18.21
17.96
18.21
18.21
18.21
18.21
18.21
18.21
18.46
18.21
18.46
18.46
18.46
18.21
18.46
18.46
18.46
18.46
18.46
18.72
18.72
18.46
18.97
18.72
18.46
18.72
18.46
18.72
18.46
18.72
18.97
18.72
18.72
18.72
19.22
18.72
18.72
18.72
18.72
18.72
18.72
18.97
18.97
18.72
18.97
18.72
18.97
18.97
18.97
18.97
18.97
18.97
18.97
18.97
18.46
18.97
18.97
18.97
18.97
18.97
18.97
18.97
18.97
18.97
18.72
18.97
18.97
19.22
18.97
19.22
18.97
18.97
18.97
19.22
18.97
18.72
18.97
18.97
18.97
19.73
18.97
19.22
18.97
19.22
18.97
18.97
18.97
18.97

19.99
20.25
20.25
20.25
20.25
20.25
20.25
19.99
20.25
19.99
20.25
20.25
20.25
19.99
20.25
20.25
19.99
20.25
20.25
19.99
20.25
19.99
20.25
20.25
20.76
19.99
20.25
20.25
19.99
20.25
20.76
20.25
20.25
20.51
20.25
20.51
20.25
20.51
20.25
20.25
20.25
20.51
20.51
20.51
20.51
20.76
20.76
20.51
20.51
20.51
20.51
20.25
20.51
19.99
20.25
20.51
20.51
19.99
20.25
20.51
20.25
20.51
20.51
20.51
20.51
20.51
20.25
20.51
20.76
20.25
20.51
20.51
20.25
20.25
20.25
20.51
20.25
20.25
20.25
19.73
20.51
20.51
20.25
20.25
20.25
19.99
21.02
20.25
20.25
20.25
19.99
19.99
19.99
20.25
19.99
19.99
19.99
19.99
19.99
19.73
19.99
19.99
19.73
19.73
19.73
19.73
19.73
19.73
19.73
19.48
19.73
19.48
19.48
19.48
19.48
19.48
20.25
19.48
19.22
19.48
19.22
19.22
19.22
19.22
19.22
18.97
18.97
18.97
18.97
18.97
18.97
18.72
18.72
18.72
18.46
18.72
18.72
18.72
18.72
18.46
18.46
18.46
18.21
18.21
18.21
18.46
18.21
18.21
17.96
17.96
17.96
17.96
17.96
17.96
17.70
17.70
17.96
17.70
17.70
17.45
17.70
17.45
17.20
17.45
17.20
17.20
17.20
20.25
16.95
16.95
16.95
16.95
16.95
16.70
17.20
16.70
16.70
16.45
16.45
16.45
16.45
16.20
16.20
16.20
16.20
16.70
16.20
15.71
15.96
16.45
15.71
15.96
15.46
15.46
15.71
15.46
15.46
16.95
15.46
15.46
15.21
15.46
14.97
14.48
14.97
14.97
14.72
14.72
14.48
14.48
14.48
14.48
14.48
14.48
14.48
14.23
14.23
14.23
14.23
13.99
13.99
13.99
13.99
13.99
13.74
13.74
13.74
13.50
13.50
13.50
13.50
13.26
13.02
13.26
13.02
13.02
13.02
13.02
12.77
12.77
12.05
12.77
12.53
12.77
12.77
12.53
12.29
12.29
12.29
12.29
12.05
12.53
12.29
12.05
12.05
13.02
11.81
11.81
11.81
11.57
11.81
11.81
11.57
11.34
11.34
11.34
11.34
11.10
11.10
11.10
11.34
10.86
10.86
10.86
10.62
10.86
10.62
10.39
10.62
10.39
10.39
10.15
10.39
10.39
9.91
9.44
10.15
10.15
10.15
9.91
10.15
9.91
9.91
10.15
9.91
9.68
9.44
9.68
9.44
9.44
9.44
9.21
9.44
9.21
8.28
8.74
9.21
8.98
8.98
9.21
8.98
8.98
8.98
8.74
8.51
8.74
8.74
8.51
8.74
8.74
9.21
8.51
8.74
8.51
8.51
8.51
8.28
8.28
8.28
8.51
8.28
8.51
8.28
8.05
8.28
8.51
8.05
8.05
8.05
8.05
8.05
8.05
8.05
8.05
8.74
8.05
7.81
7.81
8.05
7.81
8.05
7.81
7.81
7.81
7.81
7.81
7.81
7.81
7.58
7.81
7.81
7.81
7.58
7.81
7.81
7.81
7.81
7.81
7.58
7.81
