7.58
7.58
7.58
7.58
7.58
7.58
7.81
7.58
7.58
8.05
7.58
7.58
7.81
7.81
7.58
7.58
7.81
8.05
7.58
7.81
7.81
7.81
9.44
7.81
7.81
6.66
7.58
7.81
7.81
8.05
7.81
7.81
7.81
7.81
7.81
8.05
7.81
7.81
8.05
8.05
7.81
8.05
8.05
8.05
8.05
8.05
8.05
8.05
8.51
8.28
8.28
8.28
8.28
8.28
8.28
8.51
8.51
8.28
8.51
8.28
8.28
8.51
8.28
8.51
8.74
8.51
8.51
8.74
8.98
8.74
8.51
8.98
8.74
8.98
8.98
8.98
8.98
9.21
8.98
9.21
9.44
9.21
9.44
9.44
9.21
9.44
9.44
9.44
9.68
9.68
9.91
9.68
9.68
9.91
9.91
9.91
9.68
10.15
9.91
10.15
10.15
10.15
10.39
10.15
10.15
10.39
10.62
10.62
10.62
10.62
10.86
10.62
10.86
10.86
11.57
11.10
10.86
10.86
10.15
11.10
11.34
11.34
11.34
11.34
11.57
11.57
11.81
11.57
11.57
12.29
11.81
11.81
12.05
12.05
12.05
12.05
12.05
12.29
12.29
12.29
12.53
12.53
12.53
12.53
12.53
12.53
12.77
12.29
13.02
12.77
12.77
13.02
13.02
13.02
13.02
13.26
13.26
13.26
13.02
13.26
13.50
13.50
13.50
13.50
13.50
13.74
13.74
13.74
13.99
13.99
14.23
13.99
14.23
14.23
14.23
14.23
14.23
13.26
14.72
14.48
13.99
14.72
14.48
14.72
15.21
14.72
14.97
14.72
14.72
14.97
14.97
15.21
15.21
15.21
15.46
14.97
15.46
15.46
15.46
15.46
15.71
15.71
15.71
15.71
15.71
15.96
15.46
15.96
16.20
16.20
15.96
16.20
16.45
15.46
16.20
16.20
16.45
16.20
16.45
16.45
16.45
16.70
16.70
16.95
16.70
16.70
16.95
16.70
16.70
16.95
16.95
17.20
17.20
17.20
16.45
16.20
17.20
17.20
17.45
17.20
17.45
17.70
17.96
17.45
17.45
17.45
18.21
17.70
17.70
17.70
17.70
17.70
17.96
17.96
17.96
17.45
17.45
17.96
17.70
17.96
17.96
18.46
18.21
18.21
18.21
18.21
18.46
18.46
18.46
18.46
18.46
18.46
18.46
18.46
18.46
18.46
18.72
18.72
18.72
18.97
18.97
18.72
18.46
19.48
18.72
18.72
18.72
18.46
18.72
18.97
18.97
18.97
18.97
18.97
18.72
18.97
18.72
19.22
18.97
19.22
19.22
19.48
19.22
19.22
18.97
18.97
19.22
18.97
19.22
19.22
19.22
19.48
19.22
19.22
18.72
19.22
18.72
19.48
19.48
19.22
19.48
19.48
19.48
18.72
19.48
19.48
19.48
19.22
19.48
19.48
19.48
19.73
19.48
19.48
19.48
19.48
19.73
19.73
19.73
19.48
19.73
19.48
19.48
19.73
19.73
19.48
19.73
19.48
19.73
19.99
19.73
19.73
19.73
19.99
19.73
19.73
19.48
19.73
19.73
19.73
19.73
19.73
19.73
19.73
19.73
19.73
19.73
19.73
19.73
19.73
19.73
19.73
19.73
19.73
19.99
19.73
19.99
19.99
20.51
19.73
19.73

20.76
21.02
20.76
20.76
20.76
20.76
20.76
20.76
20.76
20.76
19.99
20.76
21.02
21.02
20.76
20.76
20.76
21.02
20.76
20.51
21.02
20.76
20.76
21.28
20.76
21.02
21.02
21.02
20.76
21.02
21.28
21.02
21.02
21.02
21.54
21.02
20.76
21.02
21.28
21.02
21.02
21.02
21.54
21.28
21.28
21.54
21.02
21.28
21.02
21.28
21.28
21.02
21.28
21.02
21.02
21.28
21.28
20.76
21.28
21.28
21.28
21.02
21.28
20.76
21.28
21.28
21.28
21.02
21.28
21.28
22.32
21.02
21.28
21.28
21.02
21.28
21.02
21.28
21.54
21.28
21.28
21.02
21.02
21.28
21.02
21.02
21.02
21.02
21.02
21.54
21.02
20.76
21.02
21.02
21.02
20.76
20.51
21.02
20.76
21.02
20.76
20.51
20.76
20.76
20.76
20.76
20.76
20.51
20.76
20.25
20.51
20.25
20.51
20.51
20.51
20.51
20.25
20.25
20.51
19.99
20.25
20.25
20.51
20.25
20.25
20.25
19.99
19.99
19.48
19.99
19.73
19.99
19.99
19.99
19.73
19.73
19.73
19.99
19.73
19.48
19.73
19.48
19.48
19.48
19.22
19.22
19.22
19.22
19.22
19.22
18.97
19.73
18.97
18.97
18.97
19.22
18.97
18.72
18.72
18.72
18.72
18.46
18.46
18.46
18.46
18.46
18.21
18.21
18.21
18.21
17.96
17.96
17.96
17.96
17.96
17.70
17.70
17.70
17.70
17.70
17.45
17.70
17.45
17.45
15.96
17.20
17.20
17.45
17.45
16.95
16.95
16.95
16.95
16.95
16.95
15.71
16.70
16.45
16.70
16.70
16.45
16.45
16.20
16.45
16.20
15.96
16.20
15.96
15.96
15.96
15.96
15.96
15.71
15.71
15.46
15.46
15.46
15.46
15.46
15.21
15.21
14.72
15.21
14.97
14.48
14.97
14.72
14.72
14.72
13.99
14.72
14.72
14.23
14.48
14.48
14.23
14.48
14.23
13.99
13.50
13.99
13.99
13.99
13.74
13.74
13.74
13.50
13.50
13.74
13.50
13.50
13.26
13.02
13.26
13.26
13.02
13.26
13.02
13.02
13.02
12.53
13.26
12.77
12.77
12.53
12.53
12.53
12.29
12.29
12.29
12.29
12.53
11.57
11.81
12.05
11.81
11.81
11.34
11.81
11.81
11.57
11.57
11.34
11.57
11.34
11.10
11.34
9.21
11.10
11.10
11.57
10.86
11.10
10.86
12.53
10.86
10.39
10.86
10.62
10.62
10.39
9.91
10.15
10.39
10.62
10.39
10.15
10.15
10.15
10.15
9.91
9.91
9.91
9.68
9.91
9.91
9.68
9.68
9.44
9.44
9.44
9.44
9.21
9.44
9.44
8.98
9.21
9.44
9.21
8.98
8.98
9.21
8.98
8.98
9.21
8.98
8.98
8.98
9.21
8.74
8.74
8.74
8.51
8.51
8.51
8.74
8.51
8.74
8.51
8.51
8.28
8.28
8.28
8.51
8.28
8.28
7.81
8.28
8.28
8.51
8.51
8.05
8.28
8.05
8.05
8.28
8.51
8.05
8.05
8.05
8.05
8.05
8.05
8.05
8.05
7.58
8.05
8.05
7.81
7.58
7.81
8.05
7.81
8.05
7.81
8.05
7.81
7.81
8.05
