5.53
5.75
5.53
5.53
5.53
5.53
5.53
5.53
5.07
5.75
5.53
5.30
5.53
5.53
5.75
5.53
5.53
5.53
5.30
5.53
5.53
5.53
5.98
5.53
5.53
5.53
5.07
5.53
5.53
5.53
5.30
5.53
5.53
5.30
5.53
5.75
5.53
5.53
5.53
5.07
5.07
5.07
5.75
4.85
5.53
5.53
5.07
5.75
4.85
5.53
5.98
5.75
5.53
5.53
6.21
5.30
5.53
5.53
5.53
5.53
5.75
5.53
5.98
5.53
5.75
5.30
5.53
5.75
5.53
5.75
5.75
5.53
5.30
5.53
5.07
5.53
5.53
5.75
5.53
5.53
5.53
5.53
5.75
5.75
5.53
5.53
5.53
5.53
5.30
5.75
5.53
5.75
5.75
5.75
5.53
5.53
5.53
5.53
5.53
5.53
5.53
5.75
5.53
5.75
5.75
5.75
5.07
5.07
5.75
4.17
5.53
5.75
5.53
5.53
4.85
5.98
5.53
5.53
5.53
5.53
6.21
5.75
5.53
5.75
5.53
5.98
5.53
5.75
5.30
5.53
5.53
5.53
5.53
5.30
5.53
5.30
5.75
5.75
5.53
5.53
5.53
5.75
4.62
5.75
5.53
5.75
5.53
5.53
5.53
5.53
5.75
5.53
5.53
5.53
5.53
5.30
5.53
4.85
5.53
5.53
5.53
5.53
5.07
5.75
5.53
5.30
5.53
5.75
5.53
5.53
5.53
5.53
5.53
5.30
5.53
5.53
5.30
5.53
5.53
5.30
5.53
5.53
5.53
5.53
5.53
5.53
5.53
5.53
5.53
5.53
5.53
5.53
5.53
5.53
6.89
5.53
5.53
6.21
5.53
5.07
5.53
5.53
5.30
5.53
5.53
5.75
5.53
5.53
5.98
5.53
5.53
5.30
5.75
5.75
5.53
5.53
5.53
5.53
5.30
5.30
5.75
5.53
5.53
5.53
6.89
5.53
6.21
5.53
5.53
5.53
5.53
5.30
5.53
5.53
5.30
5.75
5.53
5.30
5.30
5.30
5.30
5.53
5.75
5.53
5.53
5.30
5.53
5.53
4.85
5.53
4.62
5.30
5.30
5.30
5.53
5.53
4.40
5.30
5.53
5.30
5.30
5.53
5.30
5.53
5.53
5.53
4.85
5.30
5.53
5.53
5.30
5.53
5.30
5.75
5.30
5.30
5.30
5.30
5.53
5.30
5.75
5.30
5.30
5.30
5.53
5.30
5.30
5.75
5.30
5.30
5.30
5.30
5.30
5.30
5.30
5.07
5.53
5.30
5.30
5.30
5.30
5.30
5.75
4.62
5.30
5.07
5.30
5.30
5.53
5.30
5.30
5.07
5.30
5.30
5.53
4.85
5.53
5.53
5.30
5.30
5.30
5.30
5.53
5.30
5.30
5.07
5.30
5.75
5.07
5.30
5.30
5.30
5.30
5.30
5.30
5.30
5.30
5.30
5.30
5.30
5.30
5.75
5.30
5.98
5.30
5.30
5.30
5.30

5.30
4.85
5.53
5.30
5.30
5.53
5.53
5.30
5.53
5.53
5.53
5.53
5.30
5.30
5.53
5.53
5.53
5.30
5.53
5.30
5.53
5.53
5.30
5.53
5.30
5.53
5.30
5.53
5.30
5.53
5.75
5.30
5.30
5.53
5.53
5.53
5.53
5.53
5.30
5.30
5.53
7.12
5.53
5.30
5.53
5.30
5.30
5.53
5.30
5.30
5.53
4.85
5.30
5.53
4.85
5.30
5.53
5.75
5.53
5.53
5.30
5.53
5.53
5.53
5.30
5.53
5.30
5.53
5.75
5.30
5.30
5.53
5.53
5.53
5.53
6.66
5.30
5.53
5.75
5.53
5.53
5.53
5.53
5.30
5.30
5.53
5.53
5.53
5.07
5.53
5.53
9.44
5.53
5.53
5.53
5.53
5.30
5.53
5.53
5.53
5.30
5.30
5.53
5.53
5.30
5.30
5.53
5.53
5.53
5.53
4.40
5.30
4.40
5.53
5.53
7.58
5.53
5.53
5.53
5.53
5.30
5.53
5.53
5.98
5.30
5.53
5.53
5.30
5.53
5.53
5.53
5.30
5.53
5.53
5.30
5.30
3.06
5.53
5.53
5.75
5.53
5.30
5.30
5.53
5.53
5.30
5.53
5.53
5.30
5.53
5.53
5.53
5.30
5.53
5.30
4.85
5.30
5.30
5.53
5.53
5.53
5.53
5.30
5.30
5.30
5.53
5.98
5.30
5.53
5.53
5.30
5.53
5.53
5.53
5.30
5.53
5.53
4.40
5.30
5.30
5.30
5.30
5.30
5.53
5.75
5.30
5.30
5.30
5.30
5.30
5.53
5.30
5.30
5.30
4.85
5.53
5.30
5.53
5.30
5.30
5.53
5.30
5.53
5.30
5.07
5.30
5.53
5.53
5.75
5.30
4.85
5.30
5.98
5.30
5.30
5.30
5.75
5.30
5.30
5.53
5.30
5.53
5.30
5.30
5.30
5.30
5.30
5.30
5.07
5.30
4.85
5.30
5.53
5.30
5.07
5.30
5.30
5.07
5.30
5.07
5.53
5.30
5.30
5.30
5.30
5.30
5.75
5.30
4.62
5.07
5.30
5.53
5.30
5.53
5.53
5.30
5.07
5.30
5.30
5.53
5.07
5.30
5.30
5.30
5.07
5.30
5.30
4.17
5.30
5.30
5.07
5.07
5.07
5.30
5.07
5.30
5.07
4.85
5.07
5.07
5.30
5.30
5.07
4.62
5.30
5.30
5.07
5.07
5.30
5.07
5.30
5.30
4.62
5.30
5.07
4.85
5.30
5.30
5.07
5.30
5.30
5.53
5.07
5.07
5.07
5.07
5.30
5.07
5.07
4.85
5.07
5.53
5.07
5.30
5.07
5.30
5.07
5.07
5.30
5.07
5.07
5.07
4.85
5.30
5.07
4.85
5.07
5.07
5.30
5.07
4.85
5.07
5.30
5.07
5.07
5.07
4.85
5.07
5.07
5.07
5.30
5.07
5.07
5.07
5.53
5.07
5.07
5.07
5.07
5.07
5.07
5.07
6.44
5.07
5.53
5.30
4.85
5.30
