5.07
5.07
5.07
5.07
5.07
4.62
4.85
4.85
5.07
5.07
8.51
5.07
4.85
5.07
5.07
5.07
5.07
4.85
5.53
5.07
5.07
4.85
4.85
4.85
5.07
4.85
7.12
5.07
5.07
5.07
4.85
5.07
5.07
5.07
5.30
4.85
4.85
4.85
5.07
5.07
5.98
5.07
5.07
4.85
5.07
5.07
5.30
5.07
5.07
5.07
3.95
5.07
4.40
5.07
5.07
5.07
5.07
5.07
5.30
4.17
5.07
5.07
5.07
4.85
5.07
5.07
5.07
5.07
5.07
5.07
5.07
5.30
5.07
5.07
4.85
5.30
5.07
5.07
5.53
5.07
5.07
5.07
5.07
5.07
5.07
5.07
5.07
4.85
5.07
5.07
5.07
5.07
5.30
5.53
5.07
5.07
5.30
5.07
5.07
5.07
5.07
5.07
5.30
5.07
5.07
4.40
5.07
5.30
5.07
5.30
5.07
5.30
5.07
5.30
5.07
5.07
5.07
5.75
4.85
5.75
4.40
4.85
5.07
5.30
5.07
4.85
5.30
5.30
5.30
5.30
5.07
5.30
5.30
5.30
5.30
4.85
5.30
5.30
4.85
5.53
5.07
5.07
5.07
4.85
5.07
5.30
5.53
5.07
5.30
5.30
5.07
5.53
5.30
4.62
5.07
5.30
5.30
5.07
5.30
5.98
5.30
5.30
5.30
5.30
5.07
5.30
5.30
5.75
5.30
5.07
5.53
5.30
5.30
5.30
5.30
5.75
5.30
5.30
5.30
5.30
5.53
5.30
5.30
5.53
5.30
5.30
5.30
5.30
5.75
5.30
5.53
5.30
5.30
5.53
5.30
5.53
5.30
5.53
5.53
5.53
5.30
5.30
5.30
5.53
5.30
5.53
5.53
5.53
5.30
5.53
5.53
5.53
5.75
5.53
5.30
5.98
5.53
5.53
5.53
5.53
5.75
5.53
5.53
5.30
5.53
5.75
5.30
5.30
5.75
5.53
5.53
5.07
5.53
5.53
5.30
5.53
6.21
5.30
5.53
5.07
5.53
5.53
4.62
5.30
5.98
5.53
5.53
5.53
5.53
5.53
5.75
5.53
5.07
5.30
5.53
5.30
5.53
7.12
5.53
5.30
5.75
5.53
5.53
5.75
5.53
5.53
5.53
5.53
5.30
5.53
5.53
5.53
5.53
5.75
5.53
5.53
5.53
5.53
5.53
5.75
5.53
5.75
5.53
5.75
5.98
5.53
5.53
5.30
5.53
5.53
5.53
5.75
5.53
5.53
5.53
5.53
5.53
5.30
6.44
5.53
5.53
5.53
5.53
5.53
5.53
5.30
5.07
5.53
5.75
5.53
5.53
5.75
5.53
5.53
5.53
5.53
5.53
5.53
5.53
5.53
5.53
6.21
5.53
5.53
5.75
5.53
5.53
5.30
5.53
4.85
5.53
5.53
5.53
5.53
5.75
5.30
5.53
5.30
5.30
5.53
5.53
5.53
5.30
5.53
5.53
5.53
5.53
5.30
4.62
5.53
5.53
5.53
5.53
5.53
5.53
5.75
5.53
5.53
5.07
5.53
5.53
5.30
5.53
5.53
5.53
5.30
0.43
5.53
5.30
5.75
5.75
5.53
5.75
5.53
5.30
5.30
5.53
5.98
5.53
5.53
5.53
5.53
5.98
5.53
5.53
5.30
5.53
5.53
5.30
5.98
5.98
5.75
5.75
5.75
5.53
5.75
5.75
5.53
5.53
5.98
5.53
5.53
5.53
5.53
5.98
5.53
5.53
5.75
5.53
5.75
5.07
5.53
5.53
5.53
5.30
5.53
5.75
5.75
5.53
5.53
5.53
5.53
5.07
5.53
5.53
5.53
5.53
5.53
5.30
5.75
5.53
5.53
5.53
5.75
5.53
5.53
5.53
5.53
5.53
5.53
5.53
5.53
5.53
5.75
5.53
5.53
5.75
5.53
5.53
5.53
5.53
4.85
5.53
5.53
5.75
5.53
5.53
5.53
5.53
5.75
5.53
5.53
5.53
5.53
5.53
5.75
5.53
5.98
5.98
5.53
5.75
5.75
5.53
5.53

5.75
5.75
5.75
5.75
5.75
5.75
5.75
5.75
6.21
5.75
5.98
5.75
5.30
5.98
5.75
5.75
5.75
5.75
5.98
6.21
6.21
5.53
5.75
5.75
5.53
5.98
3.50
5.75
5.98
5.75
5.75
6.44
5.75
5.98
5.53
5.75
5.98
5.75
5.75
5.53
5.98
5.75
5.75
5.75
5.98
5.75
5.75
5.75
5.98
5.75
5.75
5.75
5.98
5.98
5.98
5.98
5.75
6.66
5.75
5.75
5.75
5.98
5.75
5.98
5.75
5.75
5.75
5.75
5.53
5.75
5.98
5.75
5.75
5.98
5.75
5.75
5.75
5.98
5.75
5.75
5.75
5.75
5.75
5.75
5.75
5.53
5.75
5.75
5.75
5.98
5.75
5.75
5.53
5.75
5.07
5.75
5.98
6.44
5.98
5.75
5.75
5.75
5.75
5.75
5.75
5.75
5.98
5.75
5.98
5.75
5.75
5.53
5.98
6.21
5.98
5.75
5.75
5.75
5.75
4.85
5.98
5.30
5.98
5.75
5.75
5.98
5.53
5.07
5.75
6.21
5.75
5.98
5.75
5.75
5.98
5.98
5.98
5.98
5.75
5.30
5.98
5.98
5.98
5.75
4.85
6.21
5.75
5.98
5.75
5.75
5.75
5.75
5.75
5.75
5.75
5.75
5.98
5.75
5.98
5.98
5.75
5.75
5.75
5.75
4.85
5.98
5.75
5.75
5.75
5.75
5.30
5.98
5.98
5.75
4.85
5.75
5.75
5.75
5.75
5.75
5.98
5.75
5.75
5.75
5.30
5.75
5.53
5.75
5.30
5.75
5.53
5.75
5.75
5.53
5.75
6.44
5.98
5.53
5.75
5.75
5.98
4.40
5.75
5.75
5.75
5.75
5.98
5.75
5.75
5.75
5.75
5.75
5.53
5.75
5.30
5.75
5.53
5.75
5.75
5.53
5.53
5.75
5.53
5.53
5.75
5.53
5.75
5.75
5.75
5.75
5.30
5.75
5.53
5.53
5.53
5.53
5.53
5.53
5.98
5.53
5.53
5.30
5.30
5.53
5.53
5.53
5.53
5.75
5.30
5.53
5.53
5.98
5.30
5.53
7.58
5.30
5.53
5.53
5.53
9.44
5.07
5.30
5.30
5.30
5.53
5.53
5.53
5.30
5.30
5.30
5.30
5.30
5.30
5.30
5.30
5.07
5.30
5.30
5.07
5.30
5.30
5.30
5.30
5.53
5.30
5.53
5.07
5.07
5.07
5.75
5.30
4.85
5.30
5.07
5.30
5.07
5.30
5.75
5.30
5.07
5.07
5.30
5.07
5.30
5.30
5.07
5.07
4.62
4.85
5.07
5.07
5.30
5.07
4.85
5.07
5.98
5.07
5.07
5.07
4.85
5.07
5.07
4.85
5.30
5.07
4.85
5.07
5.07
5.07
4.85
5.07
4.85
5.07
5.07
4.85
4.85
5.53
4.85
5.07
1.30
5.30
4.85
4.85
4.85
4.85
4.85
4.85
4.85
4.85
4.85
4.85
4.85
4.17
4.85
4.85
4.85
5.07
4.85
4.62
4.85
4.85
4.85
4.85
4.85
4.85
4.85
5.07
4.62
4.85
4.85
5.53
4.62
4.85
4.62
4.62
4.85
4.17
4.40
3.50
5.07
4.62
4.85
4.62
4.17
5.30
4.62
5.07
4.85
4.17
4.62
4.85
4.85
4.17
5.07
4.85
4.85
4.62
4.40
4.62
4.62
4.62
4.62
4.40
4.85
4.62
4.62
4.62
4.62
5.30
4.62
4.62
4.62
4.62
4.62
3.95
4.62
4.62
4.62
4.62
4.62
4.62
4.62
4.62
4.62
4.40
4.62
4.62
4.62
4.62
4.62
4.62
4.62
7.58
4.62
4.62
4.62
4.62
4.62
4.62
4.62
4.62
4.62
4.62
4.62
4.62
5.07
4.62
4.40
4.62
4.62
4.40
4.40
4.62
4.40
4.40
4.62
4.62
5.07
4.62
5.07
4.62
4.62
4.62
4.62
4.40
4.62
4.40
4.62
4.62
4.62
4.17
4.40
4.62
4.62
4.62
4.40
4.62
4.40
4.62
4.62
4.62
4.62
4.62
4.62
