5.30
5.07
5.30
5.30
5.30
4.85
5.30
5.30
5.30
5.30
5.07
5.30
5.30
5.07
5.30
5.53
5.30
5.30
5.75
5.30
5.30
5.07
5.30
5.30
5.30
5.30
5.07
5.53
5.30
5.53
5.30
5.30
5.30
5.30
5.30
5.30
5.30
5.30
5.30
5.07
5.30
5.30
5.30
5.30
5.30
5.30
5.30
5.30
5.30
5.30
3.50
5.30
5.30
5.30
5.30
5.30
5.07
5.30
5.30
5.53
5.30
5.30
5.30
5.30
5.53
5.30
5.07
5.53
5.30
5.53
5.30
5.53
5.53
5.30
5.98
5.53
5.53
5.53
5.53
5.53
5.53
5.30
5.98
5.30
5.53
5.53
5.53
5.30
5.30
5.30
5.53
5.30
5.53
5.30
5.30
5.30
5.53
5.30
5.30
5.30
5.30
5.53
5.53
5.53
5.53
5.53
5.75
5.30
5.53
5.53
5.30
5.53
5.30
5.53
5.53
5.30
5.30
5.53
5.53
5.53
5.53
5.53
5.53
5.30
5.53
5.30
5.53
5.30
5.30
5.30
6.21
5.30
5.30
5.30
5.53
5.53
5.53
5.30
5.98
5.75
5.53
5.30
5.53
5.53
5.53
5.53
5.75
5.53
5.75
5.53
5.53
5.53
5.98
5.53
5.53
5.30
5.53
5.53
5.30
5.75
5.53
5.53
5.75
5.53
5.53
5.75
5.53
6.44
5.53
5.53
5.53
5.53
5.53
5.53
5.53
5.53
5.30
5.53
5.53
5.53
5.53
5.53
5.53
5.53
5.53
5.53
5.53
5.53
6.44
5.53
5.53
5.53
5.75
5.98
5.53
5.53
5.53
5.53
5.07
4.85
5.53
5.53
5.53
5.98
5.30
4.40
5.53
5.53
6.66
5.30
5.53
5.53
5.53
5.30
5.53
5.53
5.53
5.53
5.75
5.53
5.53
5.30
5.53
5.30
5.53
5.53
5.53
6.66
4.62
5.53
5.53
5.53
5.75
5.53
5.53
5.53
5.53
5.30
5.30
5.98
5.30
4.85
5.53
5.30
5.07
5.53
5.30
5.30
5.53
5.53
5.30
5.30
4.85
5.30
5.75
5.30
5.30
5.53
5.30
5.53
5.07
5.30
5.53
5.30
5.30
5.53
5.53
5.30
5.30
5.53
5.53
5.75
5.53
5.53
5.30
5.30
5.53
5.53
5.53
5.30
5.53
5.30
5.30
5.30
5.98
5.53
5.30
5.53
5.53
5.53
5.53
5.53
5.53
5.30
5.30
5.30
5.30
5.53
5.30
5.30
5.53
5.98
5.30
5.53
5.53
5.30
5.30
5.07
5.30
5.30
5.30
5.30
5.30
5.30
5.53
5.30
6.21
5.30
5.30
5.53
5.30
5.30
5.30
5.53
5.53
5.07
5.53
5.30
5.30
2.62
5.53
5.30
5.30
5.30
5.30
5.30
5.30
5.30
5.53
5.53
5.53
5.30
5.30
5.30
5.30
5.30
5.30
5.53
5.07
5.30
5.30
5.30
5.30
5.53
5.53
5.53
5.53
5.30
5.53
5.30
5.30
5.53
5.30
5.53
5.07
5.30
5.30
5.53
5.53
5.75
5.30
5.53
5.30
5.30
5.30
5.53
5.30
5.53
5.30
5.30
5.53
5.30
5.53
5.30
5.53
5.98
5.30
5.53
5.53
5.53
5.30
5.30

5.53
5.53
5.53
5.53
5.53
5.30
5.53
5.53
5.53
5.53
5.53
5.53
5.07
5.53
5.53
5.53
5.53
5.30
5.53
5.53
5.53
5.53
5.53
5.30
5.53
5.53
5.53
5.53
5.53
5.53
5.53
5.75
5.53
5.53
5.53
5.53
5.53
5.75
5.53
5.53
5.53
5.53
5.53
5.53
5.75
5.53
5.53
5.53
5.53
5.30
5.53
5.75
5.75
5.75
5.53
5.53
5.53
5.53
5.53
5.53
5.30
5.30
5.53
5.75
5.75
5.53
5.53
5.30
5.75
5.53
5.75
5.53
5.53
6.44
5.75
5.75
5.53
5.53
5.53
5.75
5.53
5.75
5.75
5.53
6.21
5.75
5.75
5.53
5.30
5.30
5.53
5.53
5.53
5.53
5.75
5.53
5.53
5.53
5.30
5.53
5.53
5.53
5.75
5.53
4.62
5.53
5.30
5.75
5.75
5.53
5.53
5.30
5.53
5.53
5.53
5.53
5.53
5.53
5.75
5.53
5.53
5.53
5.30
5.53
5.30
5.53
5.53
5.75
5.53
5.30
5.75
5.53
5.53
5.53
6.21
5.53
5.75
5.30
5.53
5.53
5.53
5.53
5.75
5.30
5.53
5.75
5.75
4.85
5.53
5.53
5.53
5.75
5.98
5.75
5.53
5.53
5.53
5.53
5.53
5.53
5.07
5.07
5.53
5.75
5.53
5.53
5.53
5.53
5.53
5.75
5.53
5.75
5.53
5.53
5.53
5.53
5.53
5.53
5.53
5.53
5.53
5.30
5.30
5.07
5.53
5.53
5.53
5.75
5.53
5.53
5.53
5.53
5.53
5.75
5.30
5.53
5.53
5.53
5.53
5.53
5.30
5.53
5.53
4.85
5.53
5.53
5.07
5.53
5.30
5.53
5.30
5.07
5.30
5.30
5.75
5.53
5.30
5.53
5.53
5.30
5.30
5.30
5.75
5.07
5.30
5.30
5.53
5.30
4.40
5.30
5.30
5.53
5.07
5.30
5.30
5.30
5.30
5.30
5.75
5.30
5.30
5.30
5.07
5.30
4.40
5.30
5.30
5.30
5.30
5.07
5.30
5.30
5.07
5.07
5.07
5.07
5.30
5.07
5.07
5.30
5.30
5.30
5.30
5.07
5.30
5.53
5.07
5.30
5.07
5.30
5.30
5.07
5.07
5.07
5.07
5.75
5.07
4.85
5.30
5.07
5.07
5.30
5.30
5.07
5.07
5.30
5.07
5.07
5.07
5.53
5.07
5.53
5.07
5.07
5.07
4.62
4.85
4.85
5.07
5.07
5.07
5.07
5.07
4.62
4.85
5.07
5.07
5.07
5.07
5.07
5.07
5.07
4.85
5.07
4.85
4.62
5.07
5.07
4.85
5.07
4.85
4.40
5.07
4.40
4.62
4.85
4.85
4.40
4.85
5.07
4.85
4.85
4.85
5.07
4.85
4.85
4.85
4.85
4.85
5.30
4.85
4.85
4.85
4.85
4.85
5.07
4.85
4.62
4.85
4.85
4.85
4.62
4.40
4.85
4.85
4.85
4.85
4.85
4.85
4.85
4.85
4.85
4.85
4.40
4.85
4.85
3.95
4.85
4.85
4.85
4.62
4.85
4.85
4.85
4.85
4.40
4.85
4.62
4.85
4.62
4.85
4.85
5.30
4.85
4.85
4.85
4.85
4.85
4.85
4.85
4.85
4.85
0.87
4.85
5.07
4.85
4.85
4.85
4.85
4.40
4.85
4.85
