4.62
4.62
4.62
4.85
4.85
4.85
4.62
4.85
4.85
4.85
4.85
4.62
5.07
5.30
4.62
4.85
4.85
4.62
3.50
4.62
4.85
4.62
4.62
4.62
4.62
4.62
4.85
5.07
4.85
4.85
4.62
4.40
4.85
4.40
4.62
4.85
4.85
4.62
4.85
2.18
4.85
4.62
4.62
4.85
4.85
4.85
4.62
4.85
4.85
4.85
4.62
4.85
4.85
5.07
5.07
4.85
4.85
4.85
4.62
4.85
4.85
4.62
4.85
4.40
4.85
4.85
5.07
4.85
4.85
4.85
5.07
4.62
4.85
4.85
4.40
4.85
4.85
4.85
4.85
4.85
4.85
4.85
5.07
4.85
4.85
4.85
4.85
4.85
4.85
5.07
4.85
4.85
6.44
4.85
4.85
4.85
4.85
4.85
4.85
4.85
5.30
4.85
4.85
4.85
4.85
4.85
4.85
5.07
5.07
5.30
4.85
5.07
5.30
4.85
5.07
5.07
5.07
4.85
5.53
4.85
5.07
5.07
5.07
5.53
5.30
5.07
5.07
4.85
5.07
4.85
5.07
5.07
5.30
4.85
5.07
5.07
5.07
5.30
4.40
5.07
5.53
5.07
5.07
4.85
5.07
5.07
5.07
4.85
5.07
5.30
5.07
5.07
5.07
5.07
5.07
5.07
5.07
5.07
5.07
5.07
5.30
5.30
5.30
5.07
5.07
5.07
5.30
5.30
5.07
6.21
5.07
5.30
5.30
5.07
5.07
5.30
5.30
5.07
4.62
5.30
5.07
5.30
5.30
4.17
5.30
5.30
5.30
5.30
5.53
5.30
5.30
5.30
5.30
6.66
5.30
5.30
5.30
5.30
5.30
5.30
5.30
5.30
5.30
5.30
5.30
5.30
5.30
5.30
5.53
4.85
5.30
5.30
5.30
5.53
5.53
5.30
5.30
4.85
5.53
5.30
5.53
5.53
5.30
5.30
5.53
5.30
5.07
5.53
5.53
5.30
5.30
5.53
5.53
5.30
5.30
5.30
5.53
5.30
5.53
5.75
5.53
5.98
5.53
5.53
4.85
5.53
5.53
5.53
5.30
5.53
5.30
5.53
5.53
5.53
5.98
5.53
5.53
5.53
5.53
5.75
5.75
5.53
5.53
5.53
5.53
5.75
5.75
5.53
4.85
5.75
5.53
5.53
5.53
5.98
5.75
5.75
5.75
5.53
6.44
5.53
5.53
5.53
5.75
4.85
5.53
5.75
5.53
5.53
5.75
5.53
5.53
5.75
6.21
5.07
5.75
5.30
5.75
5.75
5.75
5.53
5.53
5.75
5.53
5.53
5.53
5.75
5.53
5.75
5.75
5.53
5.53
5.53
5.53
5.75
5.30
5.53
5.75
5.75
5.75
5.53
5.53
5.75
5.53
5.75
5.75
5.75
5.75
5.75
5.75
5.53
5.75
5.75
5.75
5.53
5.75
5.75
5.75
5.53
5.98
6.21
5.98
5.75
5.98
5.53
5.75
5.75
5.53
6.44
5.75
5.75
8.98
5.75
5.75
5.75
5.75
5.98
5.53
5.53
5.75
5.75
5.53
5.75
5.75
5.75
5.75
5.75
4.40
5.75
5.98
5.75
5.75
5.53
5.75
5.75
5.98
5.75
5.75
5.75
5.75
5.53
5.75
5.75
5.75
5.75
5.75
5.75
5.75
5.53
5.75
5.75
5.75
5.75
5.75
5.98
5.98
5.30
5.75
5.53
5.75
5.98
5.30
5.98
5.75
5.75
5.75
5.53
5.75
5.75
5.75
5.98
5.75
5.98
5.53
5.75
5.75
5.75
6.21
5.75
5.75
6.21
5.98
5.75
5.75
5.75
7.81
5.75
5.98
5.75
5.98
5.98
5.75
5.75
6.21
5.75
5.75
5.75
5.98
5.75
6.21
6.21
5.75
5.75
5.98
5.30
5.98
5.98
5.98
5.75
6.44
5.98
5.75
5.98
5.98
5.98
5.98
5.98
5.75
5.98
5.75
5.98
5.98
5.98
6.21
5.75
6.21
5.98
5.98
5.98
5.98
5.75
5.98
5.98
5.75
5.98
5.75
5.75
6.21
5.98
6.44
5.75
5.98
5.07
5.75
5.98
5.98
5.98
5.98
5.98
5.98
5.75
5.98
5.98
5.75
5.75
5.98
5.98
6.89
5.98
5.98
5.75
5.75
5.98
5.98
5.98
6.44
5.98
5.98
5.98
5.98
6.21
5.75
5.98
5.98
5.98
5.98
5.98
5.98
6.21

6.21
6.21
6.21
6.21
6.21
6.44
5.98
6.66
6.21
6.89
5.53
6.21
6.21
6.66
6.21
6.21
6.21
6.21
6.44
6.21
6.21
6.21
5.98
6.21
6.21
6.44
6.66
6.21
6.21
6.21
6.21
6.44
6.44
6.21
5.98
6.21
6.21
6.21
6.21
6.21
6.44
6.21
6.21
6.21
6.21
6.21
6.21
6.44
6.21
5.98
6.21
6.21
6.21
6.21
6.21
5.98
6.21
6.21
6.21
5.98
6.44
5.30
6.21
6.44
6.21
6.21
7.12
5.75
6.21
6.21
6.21
6.44
6.21
6.44
5.75
6.21
6.21
6.21
6.21
6.44
6.44
5.98
6.44
6.21
5.98
5.98
6.21
6.21
6.21
6.44
6.89
6.21
6.21
6.21
6.21
6.21
6.21
6.21
5.53
6.21
6.21
6.21
6.21
6.44
6.44
5.98
6.21
6.21
6.21
6.21
6.21
4.40
6.21
6.21
6.89
6.21
6.21
6.21
6.21
6.89
6.21
6.21
6.21
6.21
6.21
6.44
6.21
6.21
6.21
6.44
5.98
6.21
6.21
6.21
6.21
6.66
6.21
6.44
6.21
6.21
6.21
5.98
6.21
5.98
6.21
5.98
6.21
6.21
6.21
6.44
6.44
6.21
6.66
6.21
5.98
6.21
6.21
6.44
6.21
4.40
6.21
5.98
6.21
6.21
6.21
6.21
6.21
6.21
6.21
6.21
6.21
6.21
6.44
6.21
6.44
4.40
6.21
6.21
6.21
5.98
6.21
6.21
6.21
6.21
6.21
5.98
6.21
6.21
6.44
5.98
5.98
6.21
6.21
6.21
6.21
5.98
6.21
5.75
6.21
6.44
6.21
6.21
6.21
5.53
5.98
5.75
5.98
5.98
6.21
6.21
6.21
5.98
6.21
5.98
6.21
6.21
5.98
5.30
6.21
5.98
5.98
5.98
5.98
6.21
6.66
5.98
5.98
5.98
6.66
5.98
5.98
5.98
5.98
5.98
5.75
5.98
5.75
5.98
5.98
5.98
5.98
5.75
5.75
5.75
6.44
5.75
5.98
5.98
5.98
5.98
5.98
5.98
5.98
5.98
5.98
5.75
5.75
5.75
5.53
5.98
5.98
5.98
5.98
5.75
5.98
5.75
5.75
5.75
5.53
5.75
5.75
5.75
5.75
5.75
5.75
5.75
5.98
5.75
5.75
5.75
5.75
5.98
5.75
5.75
5.75
5.75
5.53
6.21
5.75
5.53
5.53
5.75
5.75
5.53
5.75
5.75
5.53
5.07
5.53
5.30
5.53
5.53
5.75
4.85
5.53
5.30
5.53
5.53
5.53
5.53
5.53
5.75
5.30
5.98
5.53
5.53
5.53
5.53
5.30
5.53
5.53
5.53
5.53
5.53
5.30
5.53
5.30
5.07
5.30
5.98
5.30
5.30
5.30
5.30
5.30
5.53
5.30
5.98
4.17
4.85
5.30
5.30
5.30
5.53
5.30
5.07
5.30
5.07
5.30
5.30
5.75
5.30
5.07
4.85
5.07
5.30
5.07
5.07
5.07
5.07
5.30
5.30
4.85
5.07
5.07
5.07
5.30
5.07
5.07
5.30
5.07
5.75
4.85
5.07
4.62
4.85
5.07
5.07
4.85
4.85
4.85
4.85
5.53
4.62
5.07
4.40
5.07
4.85
5.07
4.85
4.85
4.85
4.85
4.62
4.85
4.85
4.85
4.85
4.85
4.85
4.85
4.85
4.62
4.85
4.62
4.62
4.85
4.85
4.85
4.62
4.62
4.62
4.40
4.62
4.85
4.85
4.62
4.62
4.62
4.62
4.62
4.17
5.53
4.62
4.62
4.85
4.62
4.40
4.62
4.85
4.85
4.40
4.62
4.40
4.62
4.62
3.95
4.62
4.62
4.85
3.73
4.17
4.85
4.40
4.62
4.62
5.07
4.62
4.40
4.40
4.62
4.85
4.40
4.40
5.53
4.40
4.40
4.40
4.62
4.40
4.62
4.62
4.40
4.40
4.62
4.40
4.40
4.40
4.40
4.40
5.07
4.40
4.17
4.40
4.40
4.40
4.40
4.40
4.17
4.40
4.40
4.40
4.40
4.17
4.40
4.62
4.40
4.40
4.40
4.40
4.17
5.75
4.40
4.40
4.40
4.17
4.40
4.85
4.40
2.40
4.40
4.17
4.17
4.40
4.17
4.40
4.40
3.95
4.40
4.40
4.40
4.40
3.50
4.40
4.85
4.40
4.40
4.17
5.07
4.40
4.40
4.40
4.40
4.62
4.40
4.40
4.40
4.40
