4.17
4.40
4.40
4.17
4.40
4.40
3.28
4.17
4.40
4.40
4.17
4.40
4.40
4.40
4.40
4.40
4.62
4.17
4.40
4.17
4.17
4.17
3.95
4.17
3.95
4.17
4.40
4.85
4.40
4.40
4.17
4.17
4.40
4.40
4.17
4.40
4.40
4.62
4.40
4.40
4.17
4.17
4.40
4.40
4.40
4.40
4.40
4.40
4.17
4.17
4.40
4.40
4.40
3.95
4.40
4.17
4.62
4.40
4.40
4.85
4.40
4.40
4.62
4.40
3.50
4.40
4.40
4.85
4.40
4.40
4.85
4.40
4.40
5.30
4.40
4.40
4.40
4.40
4.62
4.40
4.40
3.95
4.40
4.85
4.40
3.95
4.40
4.40
3.95
4.62
4.40
4.40
4.62
3.73
4.40
4.40
4.62
4.40
4.62
4.62
4.40
4.40
4.40
4.62
4.62
4.40
5.07
4.40
4.62
4.40
4.40
4.62
4.40
4.40
4.62
4.40
4.40
4.62
4.40
4.40
4.40
4.62
4.62
4.62
4.62
5.07
4.40
4.62
4.62
4.62
4.62
4.62
4.62
4.62
4.62
4.62
4.62
4.62
4.40
4.85
4.62
4.62
4.62
4.62
4.62
4.62
4.62
4.40
4.62
4.40
4.85
4.62
4.62
4.40
4.85
4.85
5.07
4.62
4.62
4.85
4.85
4.62
4.40
4.85
4.85
4.85
4.85
4.85
4.40
4.85
4.62
4.85
4.62
4.62
4.85
4.85
5.07
4.85
4.85
4.85
4.85
4.85
4.85
4.85
4.62
5.07
5.07
4.85
5.07
4.85
4.85
4.62
5.30
4.85
4.85
5.07
4.85
5.07
5.07
5.07
5.07
5.07
4.85
4.62
5.75
5.07
5.07
5.07
5.30
5.07
4.85
5.07
4.85
5.07
5.53
5.30
5.07
5.30
5.07
5.30
5.07
5.07
5.07
4.85
5.07
5.07
5.07
5.30
5.30
5.30
5.07
5.98
5.30
5.30
5.30
5.53
5.30
5.07
5.30
5.98
5.30
5.07
5.30
5.30
5.30
5.30
5.30
5.30
5.30
5.30
5.98
5.53
5.30
5.53
4.85
5.75
5.30
5.30
5.53
5.53
5.75
5.30
5.30
5.53
5.53
5.53
5.53
5.75
5.75
5.53
5.53
5.07
5.53
5.53
5.53
5.53
5.53
5.53
5.53
5.98
5.75
5.75
5.75
5.53
5.75
6.21
5.53
5.75
5.75
5.07
5.53
5.75
5.75
5.75
5.75
5.75
5.75
5.75
5.75
5.07
5.98
5.75
5.75
5.98
5.98
5.75
6.44
5.75
5.98
5.98
6.21
5.75
5.98
5.98
5.98
5.98
5.98
5.75
5.98
6.66
5.98
5.75
5.53
5.98
5.98
5.98
5.98
6.66
5.98
5.98
5.98
5.98
6.21
5.98
5.98
6.44
6.21
6.21
6.21
5.98
5.75
5.98
6.21
6.21
6.21
6.21
6.21
5.98
5.98
6.21
6.21
5.98
6.21
6.21
6.21
6.21
6.89
6.21
6.21
6.21
6.21
6.21
6.66
6.21
6.21
6.21
6.21
6.21
6.21
6.21
6.44
6.21
6.66
6.21
6.44
5.98
6.44
6.44
6.44
6.21
6.44
6.44
6.21
6.44
6.44
6.44
6.21
6.44
6.66
6.44
6.44
6.44
6.44
6.44
6.21
6.44
6.44
6.44
6.21
6.66
6.44
6.44
6.44
6.44
6.66
6.66
6.44
6.44
6.66
6.66
6.44
6.66
7.12
6.66
5.75
6.21
6.44
6.44
6.44
6.44
6.66
6.44
6.44
6.66
6.44
6.21
6.44
6.44
6.66
6.89
6.44
6.66
6.89
6.66
5.98
6.44
6.66
6.44
6.44
6.44
6.44
6.66
6.66
6.44
6.66
6.66
6.44
6.44
6.66
6.21
6.66
6.66
6.44
6.66
6.44
6.89
6.44
4.85
6.44
6.44
6.44
6.66
6.44
6.66
6.44
6.44
6.66
7.12
6.66
6.44
6.66
6.66
7.12
6.66
6.66
6.89
6.89
6.66
6.66
6.66
6.66
7.35
6.89
6.66
6.89
6.66
6.66
6.21
6.66
7.12
6.66
6.66
6.66
6.66
6.66
6.66
6.66
7.12
6.66
6.66
6.44
6.89
7.12
6.66
6.66
6.89
6.66
6.89
6.89
6.66
7.12
6.66
6.66
7.35
6.66
6.89
6.66
6.66
7.81
6.89
6.66
6.89
6.89
6.66
6.66
6.66
6.89
6.66
6.89
6.89
6.66
6.89
6.89
6.66
6.89
7.12
6.66
6.66
6.66
6.66
6.89
6.66
7.35
6.89
6.89
6.66
6.89
5.98
6.89
6.89
6.89
6.66
6.89
7.12
6.66
6.89
6.66
6.89
6.89
6.89
6.89
6.89
6.89
6.89
6.66
6.66
6.66
6.89
6.89
6.89
6.89
6.89
6.89
6.89
6.66
6.89
7.12
6.89
6.89
6.89
6.66
6.89
7.35
6.89
6.89
6.66
6.89
6.89
6.89
6.89
6.89
6.89
6.89
6.66
6.89
7.12
6.21
6.89
6.44
6.89
6.89
7.12
7.12

7.35
7.58
7.81
7.35
7.12
7.35
7.12
7.12
7.12
7.35
7.12
7.12
7.12
7.35
7.58
7.12
7.35
7.12
7.35
7.12
7.12
7.12
6.89
7.12
7.12
7.12
7.12
7.58
7.12
7.12
7.35
7.12
7.12
7.12
7.35
7.35
7.35
7.12
7.12
7.12
7.12
7.12
7.12
7.12
7.12
7.35
7.12
7.12
7.12
7.35
7.35
7.58
7.12
7.35
7.12
7.12
7.35
7.12
7.12
7.12
7.35
7.35
7.12
7.35
7.12
7.35
7.12
7.12
7.35
7.12
7.12
7.35
7.12
7.12
7.12
7.35
7.12
7.12
7.12
7.12
7.58
6.44
7.35
7.35
7.35
8.05
7.12
7.35
7.12
7.35
7.12
6.66
7.12
7.35
7.12
7.12
7.35
6.89
7.58
6.89
7.12
7.12
7.81
7.12
7.35
7.35
7.35
7.58
7.35
7.35
7.12
7.12
7.12
7.35
7.35
7.12
7.35
7.35
7.12
7.35
6.44
7.12
7.12
7.12
7.35
7.35
7.12
7.58
7.35
7.35
7.35
7.35
7.58
7.12
7.81
7.12
7.35
7.35
7.58
7.35
7.35
7.35
7.12
7.12
7.12
7.35
7.35
7.35
7.35
7.35
7.58
7.12
6.89
7.35
8.28
7.35
7.12
7.35
7.12
7.35
7.58
7.12
7.35
7.58
7.12
7.35
7.12
7.35
7.12
7.35
7.12
7.12
7.35
7.12
7.12
7.12
7.12
7.12
7.35
7.12
7.35
7.12
7.12
7.35
7.81
7.35
8.05
7.12
7.35
7.12
7.12
7.12
7.35
7.35
7.35
7.35
7.12
7.12
7.12
7.35
7.58
7.12
7.35
7.12
6.89
7.35
7.12
6.66
6.66
6.89
7.35
7.35
7.35
7.12
6.89
7.12
6.66
7.12
7.12
6.89
7.12
7.35
7.12
6.89
6.89
7.12
7.12
7.12
7.12
6.89
7.12
7.12
6.89
7.12
7.12
7.35
6.89
6.89
7.12
7.12
6.89
6.21
6.89
6.89
7.12
5.98
6.89
7.12
6.89
7.12
7.12
7.12
6.89
7.12
7.35
6.89
7.12
6.89
6.89
7.12
6.89
6.89
7.35
6.89
6.89
6.66
6.89
6.89
6.66
7.12
6.89
6.89
6.89
6.89
6.66
6.89
6.66
6.66
6.21
6.44
6.66
6.89
6.66
7.12
6.44
6.66
6.66
6.66
6.66
6.66
6.44
6.89
6.44
6.44
6.89
6.44
6.66
6.44
6.66
6.66
6.44
6.44
6.44
6.44
6.44
6.66
6.44
6.44
6.44
6.66
6.21
6.44
6.21
6.21
6.66
6.21
6.21
6.21
6.21
6.21
6.21
6.21
5.98
6.21
6.66
6.21
5.53
6.21
6.21
5.98
5.07
5.98
6.21
5.75
6.21
5.98
5.98
6.89
6.21
5.75
5.98
5.98
6.21
5.98
5.98
5.75
5.98
5.75
5.98
5.98
5.75
5.75
5.75
5.30
5.75
5.98
5.75
5.75
5.98
5.75
6.21
5.53
5.53
5.75
5.75
5.75
5.53
5.53
5.53
5.53
5.30
5.75
5.75
5.53
5.53
5.53
5.53
5.53
5.07
5.53
5.53
5.53
5.53
5.53
5.30
5.53
5.75
5.30
5.53
4.85
5.30
5.53
5.30
5.53
5.30
5.30
5.30
5.30
5.30
5.30
5.30
5.30
5.07
5.30
5.30
5.07
5.30
5.30
5.07
5.07
5.07
5.30
5.07
5.07
5.30
5.07
5.07
5.07
5.30
5.30
5.07
5.07
5.07
5.07
5.07
5.07
5.53
5.07
4.85
4.85
5.07
5.07
4.85
4.85
5.07
4.85
4.40
4.85
4.85
5.53
4.85
4.85
5.30
4.85
4.85
4.62
4.62
4.62
4.85
4.62
4.85
4.62
4.85
5.07
4.62
5.07
4.62
4.62
4.62
4.62
4.62
4.85
4.62
5.07
4.62
4.62
4.62
4.62
4.62
4.62
4.62
4.62
4.40
4.62
4.85
5.30
4.62
4.62
4.40
4.40
4.40
4.40
4.40
4.40
3.73
4.40
4.40
4.17
4.40
4.17
4.62
4.62
4.40
4.40
4.40
4.40
4.17
4.17
4.40
4.17
4.40
4.17
4.17
4.17
4.17
4.17
4.17
4.40
4.40
4.40
4.40
4.40
4.17
4.40
4.17
4.40
4.17
4.17
4.17
4.62
4.62
4.17
4.40
4.40
4.17
4.17
4.17
4.17
4.40
4.17
3.73
4.17
4.62
3.95
4.17
3.95
4.17
4.17
3.73
4.17
4.62
4.17
4.17
4.62
4.17
3.95
3.95
4.17
4.62
3.95
3.95
4.17
4.17
3.95
3.73
3.73
4.40
3.95
4.17
3.95
3.95
4.17
4.62
3.95
3.95
3.95
4.17
3.95
3.95
3.95
4.17
3.95
3.95
3.95
4.17
3.95
3.95
3.95
3.95
4.17
3.95
3.95
3.95
3.95
4.17
3.95
3.95
3.95
3.50
3.95
4.17
3.95
3.95
3.95
3.06
3.95
3.95
3.95
3.95
3.95
3.95
3.95
3.95
3.95
3.95
3.95
3.95
3.95
3.95
3.95
3.95
3.95
2.18
