3.95
4.17
4.17
3.95
3.95
3.95
3.95
3.50
3.95
3.95
3.95
3.95
4.17
3.50
3.95
4.17
3.95
4.17
3.95
4.17
4.17
4.62
3.95
3.73
3.95
4.17
3.95
4.17
3.95
3.95
3.73
3.95
4.17
3.95
4.17
4.17
4.62
3.95
4.17
3.95
4.17
3.95
4.17
3.95
4.17
3.95
4.17
4.17
4.17
3.95
4.17
3.95
4.17
2.84
4.17
4.17
4.17
4.17
4.17
3.95
4.17
4.17
3.95
3.73
4.40
3.95
4.17
4.17
3.73
3.06
4.17
3.95
3.95
4.17
4.17
4.17
4.40
4.17
3.95
4.17
4.17
4.17
3.95
3.95
3.73
4.17
4.17
4.17
4.17
4.17
4.62
4.17
4.17
4.17
4.17
4.17
4.17
4.17
4.17
3.95
4.40
4.40
4.17
4.17
4.17
4.17
4.17
4.17
3.95
5.30
4.17
4.17
4.17
3.95
4.17
3.73
4.17
4.17
4.40
4.17
4.17
4.17
4.40
4.17
4.17
4.40
4.17
4.40
4.40
4.17
4.17
4.17
3.95
4.40
4.40
4.40
4.17
4.17
4.40
4.85
4.62
4.40
4.40
4.40
4.40
4.40
4.40
4.40
4.40
3.95
4.40
4.62
4.40
4.62
4.40
4.40
5.07
3.95
4.40
4.40
4.40
4.62
4.40
4.62
4.40
4.40
4.17
4.40
5.07
4.40
4.40
4.40
4.62
4.40
4.40
4.62
4.40
5.07
4.62
4.62
4.62
4.62
4.62
4.85
4.17
4.62
4.62
4.62
4.85
4.62
4.62
4.62
4.62
4.62
4.85
4.62
4.85
4.62
4.62
4.40
4.85
4.85
4.85
5.07
4.62
4.62
4.62
4.85
4.62
4.85
4.85
4.85
4.85
4.85
4.85
4.17
4.85
4.85
5.07
4.85
4.85
4.85
4.85
4.85
5.07
4.85
5.07
5.07
5.07
4.85
5.30
5.07
4.62
5.07
5.07
5.30
5.07
5.07
5.07
5.07
5.07
5.30
5.07
5.07
5.07
5.07
5.07
5.07
5.07
5.75
5.30
5.07
5.30
5.30
4.62
5.30
5.30
5.07
5.07
5.30
5.07
5.30
5.75
5.30
5.30
5.07
5.30
5.30
5.30
5.53
5.30
5.30
5.53
5.30
5.07
5.53
5.53
5.53
6.21
5.53
5.53
5.53
5.53
5.30
5.53
5.53
5.75
5.53
5.53
5.53
5.53
5.98
5.98
5.53
5.98
5.53
5.75
5.75
5.75
5.75
5.75
5.75
5.75
5.75
5.75
5.75
5.75
5.98
5.98
5.98
6.21
5.98
5.75
5.98
5.98
5.75
5.75
5.98
5.53
5.98
5.98
5.98
6.21
5.98
5.98
5.98
6.44
6.21
5.98
6.21
5.98
5.98
6.21
6.21
5.98
6.21
6.21
6.21
6.21
6.44
6.21
6.21
6.44
6.21
6.21
7.81
6.21
6.21
6.21
6.66
7.12
6.44
6.44
6.44
6.44
6.66
6.44
6.44
6.44
6.44
6.44
6.21
6.44
6.21
6.66
6.66
6.44
6.66
6.66
6.44
6.44
6.89
6.44
6.44
6.44
6.66
6.66
6.44
6.66
6.66
6.44
6.66
6.66
6.44
6.66
6.66
6.66
6.89
6.66
6.66
6.89
6.66
6.44
6.89
6.89
7.12
6.66
6.89
6.89
6.66
6.89
7.35
6.89
7.12
6.89
6.89
6.89
7.12
6.89
6.89
6.89
6.89
6.89
7.12
6.89
6.89
7.12
7.12
7.12
7.12
7.12
6.89
7.12
7.12
7.12
7.35
7.12
7.35
7.12
7.12
7.12
7.35
6.21
7.81
7.35
7.81
6.89
7.12
7.35
7.12
7.12
7.12
7.35
6.89
7.12
7.12
7.35
6.89
7.12
7.35
7.35
7.35
7.12
7.12
7.58
6.89
7.35
7.12
7.35
7.35
7.35
7.35
7.35
7.35
7.58
7.35
7.12
7.35
7.35
7.35
7.35
7.58
7.12
7.58
7.35
7.12
7.35
7.35
7.81
6.89
7.35
7.35
7.35
7.35
7.58
7.35
7.35
7.35
7.12
7.12
7.58
7.81
7.58
7.58
7.58
7.35
7.35
7.58
7.35
7.35
7.58
7.58
7.58
7.35
7.58
7.35
7.58
7.35
7.81
7.58
7.81
7.58
9.68
7.35
7.35
7.58
7.58
7.58
7.35
7.58
7.12
8.05
7.58
7.35
7.58
7.58
6.66
7.58
7.58
7.81
7.58
7.58
7.81
7.81
7.35
7.58
7.81
7.58
7.58
7.58
7.58
6.89
7.58
7.81
7.81
8.05
7.81
8.05
7.58
7.12
7.81
7.58
7.81
7.58
7.58
7.58
7.58
7.81
7.58
7.81
8.28
7.81
7.58
7.81
7.81
7.58
7.58
7.58
7.58
7.58
7.58
7.58
7.81
8.51
7.81
7.81
7.81
7.81
7.81
7.81
7.81
7.58
7.58
7.81
7.81
7.58
7.58
8.05
7.58
7.81
7.58
7.35
7.81
7.81
7.81
7.35
7.81
7.35
8.05
7.81
7.81
7.81
7.81
8.28
7.81
8.28
7.81
7.81
8.05
7.81
7.58
7.81
7.81
7.58
7.81
7.81
7.81
7.81
8.05
7.81
7.81
7.81
7.81
7.81
9.21
8.05
7.35
7.81
7.81
8.05
8.05
7.81
7.81
7.81
9.68
7.81
7.58
7.81
8.05
7.81
7.81
8.05
7.81
8.05
7.81
7.58
8.05
7.81
8.05
7.81
8.28
7.81
7.81
8.05
8.05
8.05
7.81
8.05
8.28
8.05
8.05
7.81
7.81
8.05
8.05
8.28
6.89
8.05
7.81
8.05
8.05
7.81
8.05
8.05
8.05
7.81
7.81
8.05
8.05
8.05
8.28
8.05
8.05
8.05
8.05
8.05
8.05
8.05
8.05
8.05
7.58
7.81
8.05
8.05
8.05
8.05
8.28
8.05
7.81
7.81
7.81
8.05
8.28
7.81
8.05
8.05
8.28
8.05
8.05

8.28
8.05
8.28
8.51
8.51
8.74
8.51
8.28
8.28
8.28
8.28
8.28
8.28
8.28
8.28
8.51
8.51
8.28
8.28
8.28
8.28
8.28
8.28
8.28
8.28
8.51
8.51
8.28
8.28
8.51
7.58
8.28
8.05
8.28
8.28
8.05
8.51
8.28
8.28
8.28
8.28
8.51
8.28
8.05
8.28
8.51
8.74
8.28
8.51
8.51
8.28
8.28
8.28
8.05
8.28
8.51
8.05
8.28
8.28
8.28
8.28
8.28
8.51
8.28
8.28
8.51
8.28
8.51
8.28
8.51
8.28
8.28
8.05
8.28
8.51
8.51
8.28
8.28
8.28
8.28
8.98
7.81
8.51
8.28
8.28
8.51
8.28
8.51
8.51
8.28
8.51
8.51
8.28
8.28
8.28
8.28
8.51
8.28
8.28
8.28
8.28
8.28
8.28
8.51
8.05
8.28
8.51
8.74
8.28
8.74
8.28
8.28
8.51
8.28
8.51
8.28
8.28
8.05
8.28
8.28
8.28
8.28
8.28
8.51
8.28
8.98
8.51
8.74
8.51
8.51
8.28
8.51
8.05
8.98
8.05
8.28
8.51
8.51
8.51
8.28
8.28
8.28
8.28
8.28
8.28
8.28
8.51
8.51
8.28
7.81
8.51
8.51
8.28
8.51
8.51
8.98
8.28
8.28
8.51
8.28
8.51
8.28
8.28
8.51
8.51
8.28
8.51
8.28
8.51
8.51
8.28
8.28
8.51
8.28
8.51
8.28
8.51
8.51
11.10
8.51
8.51
8.05
8.51
8.51
8.74
8.51
8.51
8.28
8.28
8.98
8.28
8.28
8.51
8.51
8.51
8.28
8.51
7.12
8.51
8.51
8.28
8.28
8.51
8.28
8.28
8.74
8.28
8.28
8.51
8.51
8.28
8.51
8.28
8.51
8.28
8.28
8.28
8.51
8.51
7.58
8.28
8.51
8.51
8.51
8.28
8.51
8.28
8.28
8.28
8.74
8.05
8.51
8.28
8.28
8.28
7.81
8.28
8.74
8.51
8.28
8.51
7.81
8.05
8.28
8.51
8.28
8.28
8.28
8.28
8.28
8.28
8.28
8.28
8.98
8.28
8.28
8.51
8.28
7.81
8.05
8.28
8.51
8.28
8.28
8.28
8.05
8.28
8.28
8.28
8.05
8.05
8.05
8.05
8.28
8.05
8.05
8.28
8.05
8.05
8.05
8.51
8.05
8.28
8.05
8.05
7.81
8.05
8.05
8.05
8.05
7.81
7.81
8.05
7.81
7.81
7.81
8.05
7.81
7.81
7.81
7.58
7.81
7.81
7.81
7.81
7.81
8.05
7.81
7.81
7.58
7.58
7.81
7.81
7.58
7.58
7.81
7.58
7.58
7.58
7.58
7.35
7.58
7.58
7.58
7.35
7.58
7.35
7.58
6.44
7.35
7.81
7.58
7.35
7.58
7.35
7.35
7.58
8.28
7.12
7.12
7.12
7.35
7.35
7.35
7.35
7.12
7.35
7.12
7.12
7.35
7.12
6.89
7.12
7.12
6.66
7.12
7.12
7.12
6.89
7.12
7.12
6.89
7.12
6.66
6.89
6.89
6.89
6.89
6.89
6.89
7.12
7.12
6.89
6.89
6.89
6.66
6.89
6.66
6.89
6.89
6.66
6.21
6.89
6.89
6.66
6.89
6.66
6.66
6.66
6.66
6.44
6.89
6.66
6.66
6.44
6.66
6.44
6.44
6.44
6.44
6.44
6.44
6.21
6.44
6.44
6.89
6.21
5.30
6.44
6.21
6.21
6.44
6.21
6.21
6.21
5.98
5.98
5.98
6.21
6.21
5.98
5.98
6.44
6.21
5.98
5.75
5.98
5.98
5.75
5.98
5.98
5.75
5.75
5.98
5.75
5.75
6.44
5.75
5.53
5.75
5.75
5.98
5.75
5.75
6.21
5.98
5.75
5.53
5.53
5.75
5.53
5.53
5.07
5.75
5.53
5.75
5.53
5.53
5.75
5.30
5.53
5.53
5.53
5.98
5.30
5.53
5.53
5.30
5.30
5.30
5.30
5.30
5.53
5.30
5.30
5.30
5.30
3.95
5.53
5.30
5.30
5.30
5.75
5.30
4.62
5.30
5.30
5.30
5.30
5.07
4.85
5.07
5.53
5.07
5.07
5.07
5.07
5.07
5.07
4.85
4.62
5.07
4.85
4.85
5.07
5.07
5.07
4.85
5.53
4.85
4.85
4.85
4.85
5.07
5.07
4.85
5.98
4.85
4.85
4.62
4.40
4.62
5.07
4.85
4.62
4.85
4.85
4.62
4.62
4.85
4.62
4.62
4.62
4.85
4.62
4.62
4.62
2.84
4.62
4.62
4.62
4.62
4.40
4.40
4.85
4.62
4.40
4.40
4.62
4.40
4.40
4.40
4.40
4.40
4.17
4.62
3.95
4.40
4.40
4.40
4.40
4.40
4.40
4.40
4.62
4.40
4.17
3.95
4.85
3.95
4.17
4.40
4.40
4.62
4.40
4.17
4.40
4.40
4.40
4.17
4.17
4.17
4.17
4.17
4.17
3.73
4.17
4.17
4.17
4.17
4.17
4.62
4.17
4.17
4.85
3.95
4.17
4.17
3.95
3.95
3.95
4.17
3.95
4.62
3.95
4.17
4.17
3.95
3.95
4.62
4.17
3.95
3.95
3.95
3.95
3.95
3.95
3.28
4.40
3.95
3.95
3.95
4.17
3.95
3.73
3.95
4.17
3.95
3.95
4.17
3.95
3.95
3.95
4.17
3.95
3.95
3.73
3.95
3.73
4.17
3.95
3.95
3.95
3.95
4.17
3.95
3.50
3.95
3.95
3.73
3.95
3.95
3.73
3.95
4.40
3.73
3.95
4.17
3.95
3.73
4.17
3.95
4.17
3.95
3.95
3.95
3.95
3.95
3.73
3.73
3.95
3.95
3.95
3.73
3.95
3.95
3.73
3.95
3.95
3.95
3.95
3.50
3.95
4.17
4.17
3.95
3.95
3.95
3.73
3.95
3.95
3.95
3.73
3.73
3.95
3.95
3.95
3.73
3.95
3.95
3.73
3.73
2.18
3.95
3.73
3.73
3.95
3.73
3.73
3.95
4.62
3.95
3.95
3.73
3.73
3.95
3.73
3.95
3.73
