3.95
3.95
4.17
3.95
3.95
3.73
4.17
4.17
3.95
3.95
3.95
4.17
3.95
5.98
3.95
3.95
3.95
3.73
4.17
3.95
3.95
4.62
4.17
3.95
3.95
4.17
3.95
3.95
3.95
4.17
3.95
3.95
3.95
4.17
3.95
3.95
3.95
3.95
3.95
3.95
4.17
3.95
4.85
4.17
4.17
3.95
3.95
4.17
4.17
3.95
3.95
4.17
3.95
4.17
3.95
3.95
3.95
4.17
4.40
3.95
4.17
3.95
3.95
3.95
3.95
3.95
4.40
4.17
4.40
4.17
4.17
3.95
3.95
4.17
4.17
4.17
4.17
4.17
4.40
4.17
4.17
3.95
4.17
3.95
3.95
4.17
4.17
4.17
4.17
4.17
4.17
3.95
4.17
4.17
3.95
4.17
4.17
4.17
4.17
4.17
3.95
3.73
3.95
4.17
3.95
4.17
3.95
3.95
4.17
3.95
4.17
4.17
4.62
4.17
5.07
4.17
4.17
4.17
4.17
4.40
4.17
4.17
4.17
4.17
4.17
4.17
4.17
4.17
4.40
4.17
4.40
4.40
4.40
4.17
4.40
4.40
4.17
4.62
4.17
4.17
4.17
4.17
4.17
4.62
3.50
4.17
4.40
4.40
4.17
4.62
4.40
4.40
4.62
4.62
4.40
4.40
4.40
4.62
4.40
3.95
4.40
4.40
4.40
4.40
4.40
3.95
4.40
4.85
4.40
5.07
4.40
4.40
4.62
4.40
4.62
5.07
4.40
4.62
4.85
4.62
4.85
4.17
4.62
4.62
5.07
4.62
4.62
4.62
4.62
4.62
4.40
4.62
4.85
4.62
4.85
3.95
4.62
4.85
4.85
4.62
4.62
4.62
4.62
4.62
4.85
4.85
4.85
4.85
4.85
4.85
4.85
4.85
4.62
4.85
4.85
4.85
4.85
5.07
4.85
5.07
4.85
5.07
4.85
4.62
4.85
5.07
5.07
5.07
5.07
4.85
5.07
4.85
5.07
5.07
5.07
4.85
5.07
4.85
5.07
5.07
6.21
5.07
5.07
5.30
6.66
5.07
5.30
5.53
5.07
5.30
5.30
5.30
5.75
5.30
5.30
5.98
5.30
5.30
5.30
5.53
5.53
5.30
5.53
5.53
5.30
5.53
5.30
5.30
5.53
5.53
5.53
5.53
5.30
5.53
5.53
5.53
5.53
6.21
5.75
5.53
5.75
5.53
5.53
5.53
5.30
5.75
5.53
6.21
5.75
5.75
5.75
5.53
5.75
5.53
5.75
5.75
5.75
5.98
5.98
5.75
6.66
5.75
5.98
5.75
5.75
5.98
5.98
5.98
5.53
5.98
6.21
5.98
5.98
6.21
6.21
6.21
6.66
6.21
6.21
6.21
6.21
6.66
6.21
6.21
4.62
6.21
6.21
6.44
6.44
6.44
6.44
6.44
6.21
6.66
6.21
6.44
6.44
6.44
6.44
6.44
6.44
6.44
6.66
6.66
6.66
7.58
6.44
6.66
6.89
6.66
6.66
6.89
6.89
7.35
6.66
6.66
6.44
6.89
6.89
6.66
6.89
6.21
6.89
6.89
6.66
6.89
6.66
6.89
6.89
6.89
6.89
6.89
6.89
6.89
7.12
6.89
6.44
7.58
6.89
6.89
7.12
7.12
7.12
7.12
7.35
7.12
7.35
7.12
7.12
7.35
7.12
7.12
7.35
6.89
7.35
7.35
7.35
7.35
7.35
7.35
7.12
7.58
7.35
7.35
7.35
7.58
7.58
7.35
7.35
7.58
7.58
7.12
7.35
7.58
7.58
7.35
7.81
7.35
7.81
7.58
7.81
7.58
8.05
8.05
7.35
8.28
7.81
7.58
7.58
7.58
7.81
7.81
7.81
7.58
8.28
8.05
7.81
7.81
7.81
7.81
7.81
7.12
7.81
7.81
8.74
7.81
7.81
7.81
8.05
8.51
8.05
8.28
8.28
8.05
8.98
7.81
8.05
8.28
8.05
8.05
8.28
8.05
10.86
7.81
8.28
8.28
8.28
8.28
8.05
9.21
8.28
8.28
8.28
8.28
8.05
8.28
8.28
8.51
8.28
8.28
8.28
8.51
8.28
8.51
8.51
8.51
8.74
9.44
8.05
8.05
8.51
8.28
8.28
8.51
8.28
8.28
8.51
8.51
8.51
8.51
8.51
8.51
8.51
9.21
8.74
8.98
8.74
8.74
8.74
8.74
8.51
8.51
8.74
8.51
8.51
8.74
8.74
8.74
8.51
9.21
8.74
8.74
8.74
8.98
8.74
8.98
8.51
8.74
9.21
7.58
8.74
8.98
8.74
8.74
9.44
8.74
8.74
8.74
8.51
8.74
8.98
8.98
8.98
8.74
8.98
9.44
8.98
8.74
8.98
8.51
9.68
8.98
8.98
8.74
8.98
8.98
8.98
8.98
8.74
9.21
9.21
8.98
8.98
8.98
8.98
9.21
9.21
8.98
8.98
8.98
9.21
8.28
9.21
8.74
9.21
8.98
8.98
8.98
8.98
9.21
8.98
8.98
8.98
10.62
8.98
8.98
9.21
8.98
9.21
9.21
8.98
9.21
9.21
8.98
9.21
9.21
9.21
9.21
9.21
9.21
8.98
9.68
9.21
9.21
9.21
9.21
9.21
9.21
9.21
9.68
9.21
9.21
9.21
9.21
9.21
9.21
8.98
9.21
9.21
9.44
9.21
9.21
8.98
8.98
9.21
9.21
9.21
8.98
9.44
8.74
9.44
7.58
9.44
8.74
9.21
9.44
9.44
9.21
9.44
9.21
9.21
9.21
9.21
9.44
9.21
9.21
7.81
9.44
9.21
9.44
9.44
9.21
9.21
9.21
9.68
9.21
9.44
9.21
9.21
9.21
9.44
8.98
9.21
9.44
9.21
9.21
9.21
9.68
9.21
9.68
9.68
9.44
9.44
9.68
9.21
9.21
9.44
9.44
9.44
9.44
9.44
9.68
8.51
9.44
9.44
8.98
9.44
8.98
9.44
9.44
9.21
9.44
9.91
9.44
9.44
9.44
9.21
9.44
9.44
9.44
9.44
9.44
9.21
9.44
9.44
9.21
9.44
9.44
9.44
9.21
9.44
9.44
9.21
9.44
9.44
8.98
9.44
9.21
9.44
9.44
9.91
9.21
9.44
9.44
9.44
9.44
9.91
9.44
9.44
9.21
9.21
8.98
9.44
9.44
9.44
9.44
9.44
9.44
9.44
10.39
9.44
9.44
9.44
9.44
9.44
9.44
9.44
9.44
9.44
9.44
9.68
9.44
9.44
9.44
9.68
9.44
9.44
9.44
9.68
9.44
9.44
9.68
9.68
9.44
9.44
9.44
10.15
9.44
9.44
8.74
9.44
8.98
9.68
9.44
9.44
9.44
9.44
9.44
9.68
9.44
9.68
9.44
9.68
9.44
9.44
9.21
9.44
9.68
9.44
9.44
9.44
9.44
9.44
10.15
9.91
8.98
9.68
9.21
9.44
9.44
9.44
9.44
9.91
9.68
9.68
9.44
9.68
9.91
9.44
8.98
9.68
9.68
9.68
9.44
9.68
9.68
9.21
9.21
8.98
9.68
9.44
9.44
9.44
9.68
9.44
9.44
9.68
9.68
9.68
9.44
9.44
9.44
9.68
8.98

9.91
9.91
9.91
9.91
9.91
9.91
9.91
9.68
9.91
9.91
9.91
9.68
9.91
9.68
9.91
9.91
9.91
9.68
9.91
9.44
9.91
9.91
9.91
9.68
10.15
9.44
9.91
9.91
9.91
9.91
9.68
9.91
9.91
9.91
9.68
9.91
9.68
10.15
10.15
9.91
9.68
9.91
9.68
10.39
9.91
9.91
10.15
9.68
9.91
10.62
9.91
9.91
9.91
9.91
9.91
9.91
10.15
9.91
9.91
9.91
9.91
9.91
10.15
9.91
9.91
9.91
9.68
9.91
12.29
10.15
9.91
9.91
9.91
9.91
10.15
10.39
9.91
9.91
9.91
9.91
9.91
9.91
9.91
9.91
9.91
9.91
9.91
10.15
9.91
9.91
9.91
9.91
9.68
9.91
9.91
9.91
9.91
9.68
10.15
9.68
10.15
9.91
9.68
9.91
9.68
10.15
9.91
9.91
9.91
9.91
9.91
10.15
10.15
9.91
10.15
9.91
10.15
9.91
9.91
9.91
10.15
10.15
9.91
10.15
9.91
9.91
9.91
9.91
9.91
9.68
10.15
9.21
9.91
10.15
10.15
9.91
10.15
10.15
10.15
9.91
10.15
10.15
9.91
9.91
10.15
9.91
9.91
10.15
9.91
9.68
10.15
9.91
9.91
10.15
9.91
10.15
10.15
9.91
9.91
9.68
10.15
10.15
9.91
10.15
9.91
9.91
10.15
9.91
10.15
9.91
10.15
10.15
9.91
9.91
10.15
10.15
9.91
10.39
10.15
10.15
10.15
9.68
10.15
10.15
10.15
10.15
9.91
9.91
10.15
9.91
10.15
10.15
10.15
9.91
10.39
10.15
9.91
9.91
9.91
9.91
10.15
10.15
9.91
10.15
9.91
9.91
10.15
9.91
10.15
9.68
10.15
9.91
9.68
9.91
9.91
10.62
10.15
10.15
11.81
10.15
9.91
9.91
9.21
9.91
10.15
10.15
9.91
10.15
10.62
10.15
10.15
9.68
9.91
10.15
10.39
10.15
10.15
9.91
10.15
10.15
10.15
10.15
9.91
9.91
10.15
9.91
9.91
9.91
10.15
9.91
8.98
9.91
9.91
10.15
10.15
9.91
10.15
10.15
9.91
9.91
9.91
9.91
9.91
9.91
9.21
9.91
9.91
9.91
9.91
9.91
9.91
9.91
10.15
9.91
9.91
9.44
9.68
9.91
9.91
9.91
9.91
10.15
9.91
10.15
9.68
9.91
9.91
9.68
9.68
9.91
9.68
9.68
10.15
9.68
9.68
9.91
10.15
9.91
9.68
9.68
9.68
9.68
9.68
9.68
9.68
9.44
9.68
9.68
8.98
9.68
9.68
9.44
9.68
9.44
9.44
9.44
9.44
9.68
9.44
9.91
9.68
9.44
9.44
9.68
9.68
9.44
9.44
9.21
9.44
9.44
9.44
9.44
9.21
9.21
9.44
9.68
9.44
9.21
10.15
9.44
9.21
9.44
9.21
9.91
9.21
9.21
9.21
9.21
7.81
8.98
9.21
9.21
9.21
9.21
9.21
9.21
8.98
8.98
8.98
9.21
8.74
8.98
8.98
8.98
8.51
8.74
8.98
8.98
8.28
8.74
8.28
8.98
8.51
8.05
8.74
8.74
8.74
8.74
8.51
8.74
9.21
8.74
8.74
8.74
8.74
8.74
8.51
8.74
8.74
8.74
8.51
8.51
8.51
8.74
7.58
8.05
8.98
8.51
8.51
8.51
8.51
8.51
8.51
8.51
8.51
8.51
8.51
8.28
8.28
8.28
8.28
8.28
8.98
8.28
8.28
8.28
8.28
7.81
8.28
8.28
8.28
7.81
8.05
8.05
8.05
6.89
8.05
8.05
8.05
7.81
8.05
8.05
8.05
8.28
7.81
8.05
8.05
7.81
7.81
7.81
7.81
8.05
7.35
7.81
7.81
7.81
7.58
7.58
7.58
7.58
7.58
7.81
7.58
7.58
7.58
7.58
7.35
7.81
7.58
7.58
7.58
7.58
7.35
7.12
7.35
7.81
7.35
7.58
7.35
7.35
7.58
7.35
7.58
7.35
7.12
7.12
7.12
7.12
7.12
5.53
7.12
7.12
7.12
6.89
7.12
7.12
7.12
6.89
7.12
7.35
6.89
6.89
6.89
6.89
6.89
6.89
7.12
6.89
6.89
6.89
6.89
6.66
6.21
6.66
6.66
6.66
6.66
6.66
6.89
6.89
6.44
6.44
6.44
7.12
6.44
6.66
6.44
6.44
6.44
5.53
6.44
6.44
6.44
6.89
6.21
6.44
6.21
6.21
6.21
6.89
5.98
5.98
6.21
6.21
6.66
6.21
5.98
5.75
5.98
5.98
5.98
5.98
5.98
5.98
5.98
5.98
5.75
5.98
4.85
5.75
5.53
5.75
5.75
5.98
5.75
5.75
5.98
5.75
5.53
5.75
5.75
5.75
5.75
5.53
6.44
5.75
5.53
5.75
5.53
5.75
5.53
5.53
5.53
5.53
5.53
5.75
5.75
5.53
5.30
5.30
5.30
5.53
5.75
5.53
5.30
5.53
5.30
5.30
5.30
5.30
5.75
5.30
5.53
5.30
5.30
5.30
5.30
5.07
5.30
5.30
5.30
5.30
5.07
6.21
5.07
5.07
5.07
5.07
5.30
5.07
5.07
4.85
4.85
5.07
5.07
5.07
5.07
4.85
5.07
4.40
4.85
4.85
5.53
5.07
4.85
4.85
4.85
4.85
4.85
4.85
4.85
4.85
4.40
5.07
4.85
4.40
4.62
4.85
5.07
4.62
4.62
4.40
4.62
4.62
4.62
4.40
4.62
4.62
4.62
4.62
4.62
4.17
3.73
4.62
2.18
4.40
4.62
4.62
4.40
4.62
4.40
4.62
4.40
4.40
4.40
4.62
4.62
3.95
4.40
4.40
4.40
4.17
4.40
4.85
4.40
4.62
4.62
4.40
4.40
4.40
4.40
4.17
4.40
4.40
4.17
4.40
4.17
4.17
4.17
4.40
4.17
4.85
4.40
4.17
4.17
4.40
4.17
3.95
4.40
3.95
4.85
4.40
3.95
3.95
4.17
4.17
4.17
4.40
4.17
3.95
4.40
4.17
3.95
4.17
4.40
4.17
4.17
4.17
3.95
4.17
4.62
3.95
3.95
3.95
4.17
3.95
4.17
4.17
4.40
4.17
4.17
3.50
4.17
3.95
3.95
3.95
4.62
3.95
3.95
4.17
4.17
3.95
3.95
3.95
3.73
3.95
4.17
3.95
3.95
3.95
3.95
3.95
4.17
3.95
4.17
3.95
3.95
3.95
3.95
4.17
3.95
3.95
4.17
4.17
3.95
3.95
3.95
3.95
3.95
3.95
3.95
3.95
4.17
3.50
3.95
4.17
3.73
3.95
4.17
4.17
3.95
4.40
3.95
3.95
3.28
3.95
3.95
3.95
4.17
4.17
4.17
4.17
3.95
3.95
4.17
3.95
3.95
3.95
3.95
3.95
3.95
3.95
3.95
3.95
3.95
4.17
3.95
3.95
3.73
3.95
3.95
4.17
3.95
4.62
3.73
3.95
3.95
3.95
3.73
3.95
3.95
3.28
3.95
3.95
4.17
3.95
3.95
3.95
