3.95
3.95
3.95
3.95
3.95
3.95
3.95
3.95
3.28
3.95
3.95
3.95
3.95
3.95
3.95
3.95
4.40
3.95
3.50
3.95
4.17
4.17
4.17
3.95
4.17
3.95
3.95
3.95
4.17
3.73
3.95
3.95
4.17
4.17
3.95
3.95
4.17
3.95
3.95
4.17
3.95
3.95
3.95
3.95
3.06
3.95
3.95
3.95
4.17
4.17
4.17
3.95
4.17
3.95
4.17
4.17
3.95
3.50
4.40
4.17
4.17
4.17
3.95
3.95
3.95
3.95
3.95
3.95
3.95
3.95
3.95
4.17
4.17
4.17
4.17
3.95
4.17
4.17
3.95
3.95
3.95
4.17
3.95
4.17
4.17
4.17
3.95
4.17
4.40
3.95
4.17
4.17
4.17
4.17
3.95
3.95
4.17
4.17
3.95
3.95
4.17
4.17
3.95
4.17
4.62
4.17
4.17
4.17
3.95
4.40
4.40
4.17
3.95
3.95
4.17
4.17
4.17
3.95
4.17
4.17
4.40
4.17
3.95
4.17
4.17
4.40
4.17
4.17
4.40
4.17
3.95
4.17
4.17
4.17
4.17
4.40
4.17
4.17
4.17
4.17
4.17
4.17
4.17
5.30
4.17
4.17
4.17
4.17
4.40
4.17
4.17
4.62
3.50
4.17
4.40
4.40
4.17
4.17
4.40
4.17
4.40
4.40
4.40
4.40
4.40
4.40
4.40
4.17
4.85
4.62
4.40
4.40
4.40
4.40
4.40
4.62
4.40
4.40
4.40
4.40
4.40
4.62
4.40
4.62
4.40
4.40
4.40
4.62
4.62
4.17
4.17
4.62
4.62
4.62
4.62
4.62
4.62
4.62
4.62
4.85
4.85
4.40
4.62
4.62
4.40
4.62
4.62
5.07
4.62
4.62
4.85
4.62
4.62
5.07
4.85
4.85
4.85
4.85
4.62
4.85
4.62
4.62
4.85
4.40
4.85
4.85
4.85
4.85
4.85
4.40
4.85
4.85
5.07
4.85
5.30
5.07
4.85
5.30
5.07
5.53
5.07
5.30
5.07
5.07
4.40
5.07
5.07
5.07
5.07
5.07
5.07
5.30
5.07
5.07
5.30
5.75
5.30
5.30
5.07
5.30
7.12
5.07
5.30
5.53
5.30
4.40
5.53
5.30
5.53
5.30
5.53
5.30
5.30
5.30
5.53
5.30
5.53
5.53
5.75
5.30
4.85
5.53
5.53
5.75
5.53
5.53
5.53
5.53
5.53
5.75
5.98
5.75
5.75
5.53
5.75
5.75
5.75
5.75
5.75
5.75
5.75
5.75
5.98
5.98
5.75
5.98
6.21
5.75
6.21
5.75
5.75
5.98
5.98
6.21
5.98
6.21
6.21
5.98
6.21
6.21
6.21
6.21
6.21
6.21
6.66
6.21
6.21
6.44
6.21
6.21
6.21
6.21
6.21
6.21
6.44
6.44
6.44
6.44
5.30
6.66
6.44
6.44
6.44
6.44
6.66
6.44
6.44
6.66
6.89
6.66
6.89
6.66
6.21
6.66
8.28
6.66
6.66
6.89
6.89
6.89
6.89
6.44
6.89
6.89
6.89
6.66
6.89
6.89
6.89
6.66
6.89
6.89
7.12
6.89
7.12
7.12
7.12
6.89
7.35
7.12
7.12
7.12
7.12
7.12
6.89
7.12
7.12
7.35
7.12
7.12
7.12
7.35
7.35
6.66
7.35
7.35
7.35
7.35
7.35
7.12
7.35
6.89
7.35
7.35
7.58
7.58
7.35
7.81
7.58
7.58
7.58
7.58
7.58
7.58
7.58
7.58
7.58
8.05
7.58
7.58
7.58
7.81
7.81
7.58
7.81
7.81
7.81
7.81
7.81
7.81
7.81
8.28
7.81
7.81
8.05
7.81
8.05
8.05
8.05
7.81
8.05
8.05
8.05
8.05
8.05
8.05
8.98
7.81
8.05
8.05
8.28
8.05
8.28
8.28
6.21
7.81
8.05
7.81
8.28
8.28
8.28
8.28
9.44
8.05
8.28
8.28
8.28
8.28
8.28
8.28
8.05
8.28
8.28
8.28
8.51
8.28
8.05
8.51
8.51
8.51
8.51
8.51
8.28
8.51
8.51
8.05
7.81
8.51
8.74
8.51
8.51
8.51
8.51
8.51
8.74
8.51
8.51
8.74
8.74
8.51
8.74
8.74
8.74
8.74
8.74
8.51
8.51
8.74
8.74
8.28
8.28
8.74
8.98
8.74
8.74
8.74
8.98
8.98
8.28
8.98
8.98
8.98
8.98
8.98
9.21
8.98
8.74
8.98
8.98
8.98
8.98
8.74
8.98
8.98
9.21
8.98
8.98
8.98
9.21
9.21
8.98
8.98
8.74
8.98
9.21
9.21
8.98
8.98
9.21
9.21
9.44
8.98
9.21
9.21
9.21
12.29
8.98
9.21
9.21
9.21
9.21
9.44
9.21
9.21
9.44
9.21
8.98
9.44
9.21
9.21
9.21
9.21
9.21
9.21
9.44
8.98
8.74
9.21
9.44
9.21
9.44
9.44
9.44
8.98
9.44
9.21
9.21
9.44
9.21
9.21
9.44
9.21
9.44
9.21
8.74
9.44
9.44
9.44
9.44
9.44
9.44
9.44
9.44
9.44
9.44
9.68
9.44
9.44
9.44
9.68
9.68
9.44
9.68
9.68
9.68
9.68
9.91
9.44
9.44
9.44
9.68
9.68
9.44
9.68
9.44
9.68
9.68
9.68
9.68
9.68
9.91
9.68
9.68
9.44
9.68
9.68
9.68
9.44
9.68
9.68
9.68
9.91
9.68
9.21
9.68
9.44
9.44
9.44
9.91
9.68
9.68
9.68
9.68
9.68
9.68
9.68
9.68
9.91
9.91
9.68
9.91
9.68
9.68
9.68
9.68
9.68
9.44
9.91
9.68
9.68
9.68
9.68
9.68
9.68
9.91
9.91
9.68
9.68
9.68
9.68
9.91
9.68
9.68
9.44
9.68
9.68
9.68
9.68
9.68
9.91
9.91
9.91
9.68
9.68
9.21
9.68
9.68
11.57
9.68
9.91
9.91
9.68
9.21
9.68
9.68
9.91
9.68
9.91
9.91
9.91
9.68
9.68
9.91
9.91
10.15
9.91
9.91
9.68
9.91
9.91
9.68
9.91
9.91
9.91
9.91
9.91
10.86
9.91
9.91
8.05
9.68
9.91
9.68
9.68
9.68
9.91
9.91
9.91
9.91
9.91
9.91
9.91
9.68
9.91
9.44
9.44
9.68
9.91
9.91
9.68
9.68
9.91
9.91
9.44
9.91
9.91
9.91
9.91
9.68
9.21
9.91
9.44
9.91
9.91
10.39
9.68
10.15
9.91
9.68
9.68
10.39
9.68
9.91
9.91
9.68
9.91
9.91
9.91
9.68
9.91
9.68
9.68
10.15
9.68
9.91
9.91
8.98
9.91
9.91
9.91
9.91
9.91
10.15
9.91
9.91
8.98
9.44
9.68
9.91
9.91
10.15
9.91
9.91
9.91
9.91
10.62
9.44
9.91
9.68
9.91
9.91
9.91
9.68
9.91
9.91
9.68
9.91
9.91
9.91
9.91
9.91
9.91
9.91
9.91
9.91
9.91
9.91
9.91
9.91
9.91
9.91
9.91
6.89
9.91
9.68
9.91
9.91
9.91
9.91
9.91
9.91
9.91
10.15
10.39
10.15
9.91
9.68
9.91
10.15
9.91
9.91
9.91
9.91
9.91
9.91
10.15
9.91
9.91
10.15
9.91
9.91
9.91
9.91
9.44
10.15
9.91
9.91
9.91
9.91
9.91
9.91
10.39
9.91
10.15
10.15

10.15
10.15
10.39
10.39
10.15
10.15
10.39
10.39
10.39
9.91
10.15
10.15
10.15
10.39
9.44
9.91
10.39
10.15
10.39
10.39
10.15
10.86
10.15
10.15
10.15
10.39
10.15
10.15
10.86
10.62
10.39
10.15
10.15
10.15
10.39
10.15
10.15
10.86
10.39
9.68
10.15
10.62
10.39
10.39
10.39
10.15
10.39
10.39
10.15
9.91
10.15
10.15
10.15
10.86
10.15
10.39
10.15
10.62
9.91
10.15
10.62
10.39
10.39
10.39
10.15
10.39
10.39
10.15
10.15
9.44
10.15
9.68
10.39
10.39
10.62
10.39
10.39
9.91
10.39
10.39
10.39
9.91
9.91
10.39
10.62
10.39
10.39
10.39
10.15
10.15
10.39
10.39
10.39
10.39
10.39
10.15
10.39
10.39
10.39
10.39
10.39
10.15
10.39
10.39
10.39
10.39
9.68
10.15
10.39
9.91
10.15
10.39
10.39
9.68
10.39
10.39
10.62
10.62
10.39
10.39
10.62
10.39
10.39
9.91
10.39
10.39
10.39
10.86
10.39
10.15
10.39
10.39
10.62
10.39
10.39
10.62
10.39
9.68
10.39
10.62
9.91
10.39
10.39
10.62
11.10
10.39
10.62
10.62
10.62
10.39
10.39
9.91
10.39
10.62
10.15
10.62
10.62
10.39
10.62
9.44
10.39
10.62
10.15
10.39
10.39
10.62
10.62
10.62
10.62
10.62
10.39
10.39
10.62
10.39
10.39
10.62
10.39
10.39
10.62
10.39
10.62
10.86
10.62
10.62
10.39
10.62
10.62
10.39
10.62
10.39
10.39
10.86
10.62
10.39
10.39
10.39
10.62
10.62
10.62
9.68
10.62
10.39
11.10
10.39
10.39
10.39
11.10
10.62
10.62
10.86
10.39
10.62
10.62
10.62
10.39
10.39
10.62
9.91
10.62
10.62
10.62
10.39
10.62
10.39
10.39
10.39
10.39
10.62
10.86
10.39
10.39
10.39
10.62
10.39
10.39
10.39
10.39
10.39
9.68
10.39
10.39
10.62
10.39
10.39
10.15
10.39
10.39
10.62
10.39
10.86
10.39
10.39
10.39
10.39
10.39
10.39
10.15
10.39
10.15
10.15
10.15
10.39
10.15
10.39
10.39
10.39
10.15
10.15
10.39
10.39
10.39
10.39
10.15
10.15
9.68
10.62
10.15
10.15
10.15
10.15
10.15
10.15
10.15
10.15
10.15
10.39
10.39
10.15
10.15
10.15
9.91
9.91
10.15
10.15
9.91
10.15
10.15
10.15
9.68
9.91
9.68
10.15
10.15
9.91
9.91
9.68
10.15
9.91
9.91
9.91
9.91
9.91
10.15
9.68
9.91
9.91
9.68
9.91
10.15
9.68
9.91
10.15
9.91
9.68
9.91
9.68
9.91
9.68
9.68
9.91
9.91
9.68
9.68
9.68
9.68
9.68
9.68
8.74
9.44
9.68
10.15
9.68
9.44
9.68
9.68
9.44
9.68
9.68
10.15
9.68
9.44
9.68
9.21
9.44
9.44
9.44
9.44
9.44
9.21
9.68
9.44
9.44
9.44
9.44
9.21
9.44
9.44
10.39
9.44
9.44
9.21
9.21
9.21
9.21
8.98
9.21
8.98
8.98
8.98
8.98
8.98
9.21
9.21
8.98
8.98
8.98
9.21
8.98
8.98
8.98
8.98
9.21
8.98
8.74
8.98
8.98
8.98
8.74
8.74
8.51
8.74
8.74
9.21
8.05
8.74
8.74
8.74
8.74
8.74
8.74
8.74
8.74
8.74
8.98
8.74
9.44
8.51
8.51
8.51
8.51
8.51
8.51
8.51
8.51
8.51
8.51
8.51
8.51
8.98
8.51
8.28
8.28
8.28
8.28
8.28
8.05
8.28
8.28
8.28
8.51
8.98
8.28
8.74
8.28
8.05
8.05
8.05
8.05
8.05
8.05
8.05
8.05
8.05
7.81
7.81
7.81
7.81
7.81
7.81
7.81
7.58
8.05
7.81
7.35
7.81
7.81
7.35
7.81
7.58
8.05
7.58
7.35
7.58
7.81
7.58
7.58
7.58
7.58
7.35
6.66
7.35
7.58
7.58
7.58
7.58
7.35
7.35
7.12
7.12
7.12
7.35
7.12
6.66
6.89
7.35
7.35
7.12
7.35
7.12
7.12
8.05
6.66
7.12
7.12
7.35
6.89
7.12
7.12
6.89
7.12
6.66
6.89
6.89
6.89
6.89
6.89
6.66
6.89
6.66
6.89
6.66
6.66
6.66
6.66
6.44
6.66
6.44
6.66
6.44
6.66
6.44
6.66
6.21
6.66
6.21
6.21
6.44
6.44
6.44
6.21
5.98
6.44
6.44
6.44
6.21
6.21
6.44
6.21
5.98
6.21
6.21
5.98
6.21
5.98
6.44
5.98
6.21
5.98
5.98
5.98
5.98
5.98
5.98
5.75
6.21
5.98
5.75
5.75
5.98
5.75
5.75
5.75
5.53
5.98
5.75
5.75
5.75
4.62
5.53
5.53
5.98
5.53
5.75
5.53
5.53
5.98
5.53
5.53
6.21
5.30
5.53
5.53
5.53
5.53
5.53
5.30
4.85
5.53
5.53
5.53
5.53
5.30
5.30
5.30
5.30
5.30
5.30
5.30
5.30
5.53
5.30
5.30
5.30
5.30
5.30
5.07
5.07
5.30
5.07
5.07
4.62
5.07
5.07
5.07
4.85
5.07
5.07
4.85
5.07
5.07
5.07
5.30
5.07
5.07
5.07
5.07
4.85
5.07
5.07
5.07
4.85
5.07
4.85
4.62
5.07
4.62
4.85
4.85
4.85
5.75
4.62
4.85
5.07
4.62
4.85
4.62
4.62
4.62
4.62
4.62
4.62
4.62
4.62
4.40
4.62
6.21
4.62
4.62
4.62
4.40
4.62
4.62
4.40
4.40
4.62
4.62
4.62
4.40
5.30
4.62
4.40
5.07
4.40
4.40
4.40
4.40
5.07
4.17
4.40
4.40
4.40
4.40
4.62
4.62
4.62
4.40
4.40
4.40
4.40
4.17
4.40
4.17
4.40
4.40
4.85
4.40
4.17
4.17
3.95
4.40
4.62
4.17
4.40
4.40
4.17
4.40
3.73
4.17
3.95
4.17
4.17
4.17
4.17
4.17
4.17
4.40
4.85
4.17
4.40
4.17
4.17
4.17
3.28
4.17
3.73
3.95
3.95
4.17
4.17
4.17
4.17
3.95
4.17
4.17
4.17
4.17
3.95
4.17
4.40
4.17
5.07
4.17
4.17
4.17
4.17
4.17
3.95
4.17
3.50
3.95
3.95
4.17
4.17
3.95
3.50
3.95
4.62
4.17
4.17
4.40
4.17
4.17
4.17
4.17
3.95
4.17
4.17
3.95
3.95
3.73
3.50
3.95
4.17
4.17
3.95
4.85
3.95
4.17
3.95
3.95
3.95
3.95
3.95
3.95
3.50
3.95
3.28
3.95
3.95
4.17
3.95
3.95
4.17
3.95
3.95
4.17
4.40
3.95
4.17
4.17
3.95
4.17
4.17
3.95
4.17
3.95
3.95
3.50
4.17
3.95
3.95
3.95
3.95
3.95
3.95
4.40
3.95
4.17
3.95
4.17
4.17
3.95
3.95
3.95
3.95
3.95
4.17
4.17
3.95
3.95
4.17
3.95
4.17
3.95
4.17
3.95
3.95
4.17
3.95
